349,362,-113,352,368,-103,355,369,-103,358,369,-103,345,368,-97,342,368,-97,340,368,-97,362,366,-34,339,365,-5,355,356,-86,345,355,-78,383,330,-27,329,327,71,402,285,-82,327,282,62,369,270,-183,321,255,-74,361,258,-214,321,246,-96,354,265,-213,321,252,-115,355,268,-184,322,254,-84,363,242,-50,336,238,50,307,222,-215,341,161,10,344,160,-123,356,80,77,363,152,-114,367,70,79,341,126,-153,334,59,11,
348,362,-125,352,368,-116,355,369,-116,358,369,-116,345,368,-109,342,368,-109,340,368,-108,362,366,-47,339,365,-14,355,355,-98,345,355,-89,383,330,-39,328,327,69,402,285,-98,327,282,71,367,270,-200,321,255,-50,360,259,-231,320,245,-69,351,265,-228,320,251,-90,353,268,-199,321,253,-61,363,241,-51,335,237,51,307,223,-218,340,161,16,344,160,-124,355,80,87,363,151,-114,366,70,90,341,126,-154,333,59,23,
348,362,-128,352,368,-119,355,368,-119,357,369,-120,344,368,-112,342,368,-112,340,367,-112,361,366,-52,339,365,-17,354,355,-101,344,355,-91,383,330,-42,327,327,68,402,285,-101,327,282,72,367,269,-204,321,255,-52,359,259,-235,319,245,-71,350,265,-232,319,250,-92,353,268,-203,321,253,-63,363,241,-52,335,236,52,307,223,-221,340,161,19,344,160,-126,355,80,91,363,150,-116,366,70,94,341,126,-156,333,59,27,
348,362,-128,351,368,-119,354,368,-119,357,369,-119,344,368,-112,342,368,-112,340,367,-112,361,366,-51,339,365,-17,354,355,-101,344,355,-92,383,330,-42,327,327,67,402,285,-100,327,282,72,366,269,-203,320,255,-53,357,259,-234,318,244,-73,348,265,-231,319,249,-94,351,268,-202,320,252,-64,363,241,-52,335,236,52,307,223,-223,340,161,19,344,160,-127,355,80,92,363,150,-118,365,70,95,342,126,-159,333,59,28,
347,362,-128,351,368,-119,354,368,-119,356,369,-119,344,368,-111,342,368,-111,340,367,-111,361,366,-51,338,365,-17,353,355,-101,344,355,-91,382,330,-43,326,327,67,401,285,-101,327,282,73,365,269,-203,320,255,-52,356,259,-234,318,244,-72,348,265,-231,319,249,-93,351,268,-202,320,252,-63,363,241,-52,335,236,52,307,223,-223,340,161,19,344,160,-127,355,80,91,363,150,-118,365,70,93,342,125,-159,334,59,26,
347,362,-127,350,368,-118,353,368,-118,356,369,-118,344,368,-110,341,368,-110,339,367,-110,361,366,-50,338,365,-16,353,355,-100,343,355,-90,382,330,-42,326,327,68,401,285,-100,327,282,75,365,269,-202,320,255,-51,356,259,-233,318,244,-72,347,265,-230,318,249,-92,350,268,-201,320,252,-62,363,241,-53,334,236,53,307,222,-223,340,161,19,344,160,-129,355,80,90,363,150,-120,365,70,93,342,125,-162,334,59,26,
347,362,-129,350,368,-120,353,368,-120,355,369,-120,343,368,-112,341,368,-112,339,367,-112,360,366,-53,338,365,-17,352,355,-102,343,355,-92,382,330,-44,326,327,67,401,285,-104,327,282,75,365,268,-207,320,255,-52,356,259,-238,318,244,-72,347,265,-235,318,249,-92,350,268,-206,320,252,-63,363,241,-53,334,236,53,307,223,-224,339,161,20,344,160,-129,355,80,92,364,150,-120,365,70,95,342,125,-162,334,59,28,
346,361,-128,349,368,-120,352,368,-120,355,368,-120,343,367,-112,341,367,-112,339,367,-112,360,366,-54,338,365,-17,351,355,-102,343,354,-92,382,330,-45,326,327,67,401,285,-104,327,282,74,365,268,-207,320,255,-54,356,259,-238,318,244,-74,348,265,-235,318,249,-94,350,268,-206,320,252,-65,363,241,-53,334,236,53,307,223,-225,339,161,21,344,160,-134,355,80,92,364,149,-125,365,70,95,342,122,-167,334,59,28,
345,361,-131,349,368,-124,351,368,-124,354,368,-124,342,367,-116,340,367,-116,338,367,-115,359,366,-60,337,365,-20,350,355,-105,342,354,-94,382,330,-49,326,327,66,401,285,-107,327,282,73,365,268,-209,320,255,-55,357,259,-239,318,245,-75,348,264,-236,318,249,-96,350,268,-208,320,252,-66,363,241,-53,334,235,53,307,223,-223,339,161,22,348,156,-133,355,80,93,364,148,-125,365,70,95,342,122,-166,334,59,29,
344,360,-131,347,367,-125,350,367,-125,353,368,-125,341,367,-116,339,367,-116,338,367,-116,359,366,-64,337,365,-19,349,354,-106,341,353,-94,382,330,-53,326,327,66,401,285,-111,327,282,74,365,267,-210,320,255,-55,357,258,-240,318,245,-75,349,264,-237,318,249,-95,351,267,-209,320,253,-66,363,241,-54,335,235,55,307,222,-222,340,161,24,349,154,-132,355,80,92,359,150,-124,365,70,95,343,121,-165,334,59,29,
342,360,-130,346,367,-124,348,367,-124,351,367,-125,340,367,-115,338,366,-115,336,366,-115,358,366,-67,336,365,-19,347,354,-106,340,353,-93,382,330,-56,326,327,67,401,285,-114,326,282,77,365,267,-210,320,255,-52,358,258,-239,318,245,-71,349,264,-237,318,249,-91,351,267,-209,319,252,-63,363,241,-55,335,235,55,308,222,-226,340,161,25,351,154,-136,355,80,92,358,152,-128,365,70,94,344,121,-169,334,59,28,
341,360,-130,345,367,-124,347,367,-124,350,367,-124,339,366,-114,338,366,-114,336,366,-114,358,366,-65,336,365,-19,346,354,-105,339,353,-93,381,330,-54,326,327,67,401,285,-111,326,282,76,365,267,-209,320,255,-52,358,258,-237,317,245,-72,349,264,-235,318,249,-93,351,267,-207,319,253,-64,363,241,-55,335,235,55,309,222,-228,340,161,25,352,153,-141,355,80,91,357,152,-132,365,70,93,344,120,-175,334,59,28,
340,359,-131,344,366,-125,346,367,-125,349,367,-125,338,366,-115,337,366,-115,335,366,-115,357,366,-68,336,365,-19,345,353,-106,338,352,-93,381,330,-54,326,327,66,402,285,-110,326,282,76,365,267,-208,319,255,-50,359,258,-237,317,245,-69,349,264,-235,318,249,-89,351,267,-207,319,253,-61,363,241,-54,335,235,54,309,222,-236,340,161,24,352,153,-149,355,80,90,362,149,-141,365,70,92,344,121,-187,334,59,26,
340,359,-127,344,366,-123,346,366,-123,349,367,-123,338,365,-111,337,365,-111,335,365,-111,356,366,-66,336,365,-15,344,353,-104,338,352,-89,382,330,-54,326,328,67,402,285,-109,326,282,76,367,268,-208,319,255,-48,360,258,-238,317,244,-67,351,264,-236,318,249,-87,353,267,-207,319,253,-59,364,240,-53,335,235,53,310,222,-238,340,161,24,353,153,-154,355,80,90,364,148,-145,365,70,92,345,121,-193,334,59,26,
339,359,-126,343,366,-123,345,366,-123,348,367,-123,337,365,-111,336,365,-111,335,365,-111,356,366,-65,336,365,-14,344,353,-104,338,352,-88,382,330,-53,326,328,67,403,285,-109,326,282,76,370,268,-209,320,255,-49,362,258,-239,318,245,-68,355,265,-236,319,249,-88,356,268,-208,320,253,-60,364,240,-53,335,235,53,311,221,-241,340,161,26,354,153,-156,355,80,91,366,147,-148,365,70,93,346,120,-195,334,58,27,
339,359,-120,343,366,-116,345,366,-116,348,367,-116,337,365,-104,336,365,-104,334,365,-104,356,366,-60,336,365,-7,344,353,-97,337,352,-82,382,330,-41,326,328,69,403,285,-96,325,282,75,372,268,-196,320,255,-50,365,258,-226,319,244,-69,358,265,-225,320,249,-89,360,268,-196,321,252,-60,364,240,-51,335,235,51,314,221,-248,340,161,25,354,153,-167,355,80,91,367,146,-159,365,70,93,347,120,-210,334,58,27,
338,359,-106,343,366,-100,345,366,-100,347,367,-100,337,365,-89,336,365,-89,334,365,-89,356,366,-43,336,365,7,343,353,-82,337,352,-68,382,330,-26,326,328,80,403,286,-85,324,282,75,375,269,-191,320,255,-54,369,259,-222,319,245,-76,362,265,-222,321,250,-93,363,269,-192,322,253,-64,364,240,-50,334,235,50,316,220,-257,340,161,23,353,154,-178,356,80,91,362,151,-170,365,70,93,348,120,-222,334,58,26,
338,359,-104,342,366,-99,345,366,-99,347,366,-99,337,365,-88,336,365,-88,334,365,-88,356,366,-41,336,365,8,343,352,-81,337,352,-67,382,330,-25,326,328,82,403,286,-85,323,282,75,376,269,-192,320,255,-58,370,259,-223,319,246,-79,363,266,-223,321,250,-97,364,269,-192,322,254,-67,364,241,-50,334,235,50,317,220,-257,340,161,22,354,154,-180,356,80,91,365,149,-173,365,70,94,349,120,-226,334,58,26,
338,358,-106,342,365,-101,344,366,-101,347,366,-101,337,365,-90,336,365,-90,334,365,-90,355,366,-43,336,365,6,343,352,-82,337,352,-68,382,330,-27,326,328,81,401,286,-83,322,282,71,375,269,-184,318,257,-72,369,259,-214,317,248,-95,362,266,-214,318,252,-112,363,269,-184,320,255,-82,364,241,-50,334,236,50,318,218,-254,340,161,22,353,154,-174,356,80,93,362,151,-166,366,70,96,349,120,-220,334,58,27,
338,358,-108,342,366,-103,345,366,-103,347,366,-103,337,365,-93,336,365,-93,334,365,-93,355,366,-45,336,365,3,343,352,-85,337,352,-71,382,330,-28,326,328,81,401,286,-79,321,282,56,375,269,-178,313,260,-97,368,260,-208,310,252,-122,364,266,-209,311,255,-139,364,269,-179,314,258,-107,365,242,-49,334,237,49,320,217,-256,340,161,20,352,156,-171,356,80,96,361,154,-165,366,70,99,349,120,-212,334,58,29,
338,359,-106,342,366,-101,345,366,-101,347,367,-101,337,365,-91,336,365,-91,334,365,-91,355,366,-41,336,365,5,343,353,-82,337,352,-68,381,330,-20,326,328,80,399,285,-73,320,282,51,378,276,-183,308,267,-114,375,267,-213,303,261,-141,373,274,-213,303,264,-160,373,276,-184,306,265,-126,365,243,-47,335,238,47,321,218,-263,340,162,13,350,158,-169,355,80,96,359,155,-161,366,70,98,349,121,-218,334,58,26,
338,359,-129,342,366,-122,345,367,-122,347,367,-122,337,365,-114,336,365,-114,334,366,-114,355,366,-50,336,365,-14,343,353,-100,337,352,-90,381,330,-23,325,327,65,399,283,-80,322,282,38,383,280,-233,306,271,-131,380,274,-268,297,268,-158,378,281,-269,296,272,-180,378,283,-236,300,273,-144,365,243,-45,335,238,45,321,218,-266,340,162,6,349,158,-166,355,80,95,360,155,-156,366,70,98,348,121,-214,334,58,22,
338,359,-137,342,366,-130,345,367,-130,347,367,-130,337,365,-122,336,365,-122,334,365,-122,355,366,-57,336,365,-21,343,353,-108,337,352,-98,381,330,-24,325,327,58,398,283,-84,321,281,26,388,283,-240,301,275,-148,388,280,-275,291,274,-176,387,285,-278,291,277,-197,386,287,-244,294,278,-161,366,243,-44,335,238,44,321,218,-261,340,162,4,349,160,-147,355,80,92,360,156,-136,366,70,95,348,122,-196,334,58,17,
338,359,-145,342,366,-138,345,366,-138,347,367,-138,337,365,-130,336,365,-130,334,365,-130,355,366,-65,336,365,-28,343,353,-115,337,352,-105,381,330,-24,324,327,53,398,283,-91,321,280,21,389,284,-245,299,276,-156,388,282,-281,290,275,-184,387,286,-283,289,279,-205,386,288,-249,292,279,-169,366,243,-44,335,239,44,321,218,-261,340,162,6,349,160,-144,355,80,93,360,157,-133,366,70,97,348,122,-191,334,58,18,
338,359,-152,342,365,-146,345,366,-146,347,366,-146,337,365,-138,336,365,-138,334,365,-138,355,366,-73,336,365,-34,343,352,-122,337,351,-111,381,331,-26,324,327,47,398,283,-98,317,279,11,390,285,-257,290,280,-173,389,282,-293,281,282,-202,388,288,-295,281,286,-222,387,289,-261,284,286,-186,366,243,-43,335,239,43,322,218,-264,340,161,5,349,161,-147,355,80,93,360,158,-137,366,70,97,348,123,-197,334,58,18,
339,359,-156,342,365,-149,345,366,-149,347,366,-149,337,365,-141,336,365,-142,334,365,-141,355,366,-73,336,365,-37,343,352,-125,337,351,-115,382,331,-28,323,327,48,399,282,-112,315,278,4,388,289,-276,289,284,-191,386,291,-314,277,288,-221,384,298,-312,277,293,-240,383,297,-278,281,292,-204,366,243,-43,334,239,44,321,218,-263,340,161,8,349,161,-143,355,81,104,360,158,-133,366,70,109,348,125,-191,334,58,29,
339,359,-170,343,365,-162,345,366,-162,348,366,-162,337,365,-155,336,365,-155,334,365,-155,355,366,-82,336,365,-50,344,352,-137,338,351,-129,382,331,-39,322,327,38,399,282,-127,312,278,-14,387,292,-295,286,291,-218,386,294,-334,274,294,-249,382,302,-330,274,300,-267,382,302,-297,278,300,-230,366,242,-43,334,239,44,321,218,-263,340,161,10,349,161,-137,355,81,115,360,158,-126,366,71,121,348,124,-186,334,58,41,
341,359,-175,345,366,-166,347,366,-166,350,367,-166,339,365,-160,337,365,-160,335,365,-160,356,366,-83,336,365,-57,346,352,-141,339,352,-134,382,331,-43,321,327,35,398,282,-128,312,278,-19,385,295,-295,286,294,-225,382,297,-333,273,298,-256,380,306,-329,273,305,-273,380,305,-296,278,304,-237,366,242,-44,334,239,44,321,218,-265,340,160,10,349,161,-134,355,81,120,360,158,-122,366,71,126,348,124,-181,334,58,45,
342,360,-173,346,367,-164,349,367,-164,351,368,-164,339,367,-158,338,367,-158,336,366,-158,357,367,-83,336,365,-56,348,354,-141,339,353,-134,382,331,-48,321,327,33,397,282,-139,311,278,-20,376,298,-308,284,298,-225,370,303,-346,272,302,-255,368,310,-341,272,307,-272,370,309,-308,277,307,-236,366,242,-44,334,239,44,321,218,-264,340,160,11,349,161,-132,355,82,121,360,158,-121,366,71,127,348,124,-180,334,58,47,
343,361,-175,347,368,-165,350,368,-165,352,368,-165,340,367,-160,338,367,-160,336,367,-160,357,367,-84,336,365,-58,349,354,-142,339,354,-135,382,331,-51,321,328,30,397,282,-143,311,278,-23,373,299,-313,285,299,-229,366,305,-351,272,302,-259,364,312,-346,272,308,-276,366,310,-313,277,307,-241,366,242,-44,334,239,44,321,218,-263,339,160,11,349,161,-135,355,82,119,359,158,-124,366,71,124,348,123,-183,334,58,44,
345,362,-168,349,369,-159,351,369,-159,354,369,-159,341,368,-153,339,368,-153,337,368,-153,358,367,-80,335,365,-53,350,356,-136,340,355,-129,382,331,-50,320,328,35,394,282,-132,311,278,-11,369,300,-295,285,300,-207,361,307,-332,274,305,-236,359,313,-329,274,310,-255,362,312,-296,278,309,-219,366,242,-43,334,238,43,321,218,-263,339,160,6,349,161,-137,355,82,110,364,151,-126,366,71,114,348,122,-184,334,58,33,
346,363,-165,349,370,-156,352,370,-156,354,370,-156,341,369,-150,339,369,-150,337,369,-150,358,368,-77,335,366,-50,351,356,-133,341,355,-126,382,331,-47,321,329,35,392,282,-138,311,279,-7,364,304,-304,287,301,-208,356,311,-341,276,307,-237,355,316,-336,276,312,-254,357,314,-304,280,311,-219,367,242,-43,334,238,43,321,218,-255,339,160,7,349,161,-128,355,82,110,367,150,-116,366,71,114,348,122,-170,334,58,33,
346,363,-141,350,370,-130,352,370,-130,355,370,-130,342,370,-126,339,369,-126,338,369,-126,358,368,-47,336,367,-29,351,357,-109,341,356,-104,382,332,-22,321,330,55,389,284,-110,311,285,-5,362,301,-268,289,304,-206,352,306,-304,279,309,-237,350,312,-300,280,314,-252,353,311,-268,284,312,-217,367,243,-42,335,238,42,321,218,-256,339,161,-2,349,161,-135,355,83,87,363,155,-125,366,72,91,348,122,-179,334,58,11,
346,364,-122,350,370,-110,353,370,-110,355,370,-110,342,370,-106,340,370,-106,338,370,-106,358,369,-27,336,367,-11,351,357,-89,341,356,-85,381,332,-5,321,330,67,388,285,-87,312,285,-3,360,300,-228,299,305,-202,350,304,-261,290,309,-233,348,310,-257,291,313,-247,350,309,-228,294,312,-212,367,243,-42,335,239,42,321,218,-255,339,162,-2,349,161,-146,355,83,80,361,156,-137,366,72,83,348,122,-192,334,58,4,
346,364,-103,350,370,-90,352,371,-90,355,371,-90,342,370,-88,340,370,-88,338,370,-88,358,369,-7,335,367,3,351,358,-70,341,356,-67,380,333,20,321,330,70,385,285,-12,315,284,-1,361,287,-93,318,303,-176,350,282,-116,318,308,-206,348,289,-117,316,312,-213,349,290,-94,317,311,-182,367,243,-40,336,239,40,321,217,-242,340,162,-4,349,161,-135,355,83,81,360,157,-126,366,71,84,348,122,-181,334,58,6,
346,364,-107,350,371,-95,352,371,-95,355,371,-95,342,370,-92,340,370,-92,338,370,-92,358,369,-14,335,367,0,351,357,-75,342,356,-71,379,333,8,321,330,71,385,286,-34,316,283,-1,360,287,-122,319,302,-180,349,281,-147,318,308,-210,346,288,-146,317,312,-220,347,289,-122,318,310,-188,367,244,-41,337,240,41,321,217,-224,340,162,-3,349,161,-109,355,83,85,360,157,-99,366,71,88,348,122,-147,334,58,12,
346,364,-106,350,371,-95,352,371,-95,355,371,-95,342,371,-92,340,370,-92,338,370,-92,358,369,-17,335,368,-2,351,357,-75,341,356,-71,378,333,13,321,330,67,384,286,7,317,283,0,360,281,-48,322,301,-180,357,275,-66,323,306,-210,355,280,-71,324,311,-218,354,282,-50,325,309,-187,367,244,-42,339,240,42,320,216,-213,341,162,-2,349,161,-98,355,82,84,360,157,-88,366,70,87,348,122,-133,334,58,13,
346,364,-104,350,371,-93,352,371,-93,354,371,-93,342,370,-90,339,370,-90,337,370,-90,358,369,-15,335,368,1,351,357,-73,341,356,-69,377,333,10,321,330,71,384,287,-9,318,282,4,362,279,-78,324,300,-175,358,274,-100,326,304,-205,355,279,-102,326,310,-213,355,281,-79,327,308,-182,367,244,-45,340,240,45,320,216,-209,341,161,-1,349,161,-96,355,81,79,360,157,-85,366,70,81,348,121,-127,334,57,9,
346,364,-101,349,371,-90,351,371,-90,353,371,-91,341,370,-87,339,370,-87,337,370,-87,356,369,-14,334,367,3,351,357,-72,341,356,-67,376,334,10,322,330,71,384,288,14,320,282,6,362,273,-21,328,298,-169,362,266,-36,330,301,-199,359,271,-42,331,307,-205,358,273,-23,332,307,-175,367,244,-46,340,240,46,317,215,-213,342,161,0,349,161,-97,355,81,74,360,157,-86,366,70,76,348,120,-124,334,57,7,
343,364,-97,346,371,-86,349,371,-86,351,371,-86,339,370,-80,337,370,-80,335,370,-80,355,369,-13,333,367,14,348,358,-68,339,356,-60,376,334,5,322,330,83,386,288,-8,321,283,6,360,277,-95,331,298,-173,349,272,-117,332,300,-202,347,274,-114,334,307,-206,350,275,-94,336,307,-179,368,244,-51,340,240,51,316,215,-224,342,161,15,349,160,-102,355,81,89,359,157,-93,367,70,91,347,121,-139,334,57,26,
340,364,-103,343,370,-93,345,370,-93,348,371,-93,336,370,-87,335,370,-87,332,369,-87,353,369,-18,332,367,7,345,357,-74,337,356,-67,376,334,-7,322,330,78,390,288,-56,321,283,6,361,279,-131,335,292,-173,349,274,-152,337,294,-201,344,282,-129,339,301,-206,349,282,-123,340,301,-179,368,244,-55,340,239,55,314,214,-215,342,160,18,349,160,-88,355,81,93,359,157,-76,367,70,95,347,121,-108,334,57,31,
339,364,-103,342,370,-93,345,370,-93,348,371,-93,336,370,-87,334,370,-87,332,369,-87,352,369,-20,331,367,7,344,357,-75,336,356,-67,376,334,-9,322,330,78,392,289,-63,322,283,6,361,280,-134,336,290,-174,348,276,-155,338,292,-202,343,286,-143,340,299,-207,348,286,-124,341,299,-180,368,243,-56,341,239,56,314,214,-210,342,160,18,349,159,-83,355,81,94,360,157,-71,367,70,96,346,121,-102,334,57,32,
336,362,-121,339,369,-115,341,370,-115,344,370,-115,334,368,-106,332,368,-106,330,368,-106,351,369,-52,330,367,-9,341,357,-96,335,355,-84,376,334,-39,322,330,76,397,289,-98,322,283,11,361,280,-190,332,286,-170,350,277,-216,332,286,-197,345,287,-207,334,294,-202,349,286,-185,335,295,-176,368,243,-60,341,239,60,312,213,-206,342,160,28,349,159,-82,355,81,100,360,156,-70,367,70,103,346,121,-99,334,57,41,
332,360,-122,336,368,-119,338,368,-119,341,369,-119,331,367,-107,329,367,-107,328,367,-107,349,369,-67,329,366,-12,338,354,-99,332,354,-84,377,334,-52,324,330,76,402,292,-107,323,283,28,370,281,-190,330,284,-154,357,277,-216,331,284,-179,353,287,-207,332,290,-187,356,287,-186,334,291,-161,369,243,-63,343,238,63,311,213,-181,342,160,27,350,159,-65,355,81,86,361,156,-53,367,70,87,346,121,-73,334,57,37,
330,360,-122,333,367,-121,336,368,-121,339,369,-121,328,366,-108,327,366,-108,326,366,-108,348,368,-78,329,366,-15,336,354,-102,330,353,-85,377,335,-65,325,330,69,407,296,-123,327,284,26,375,283,-199,329,283,-153,364,277,-223,329,283,-177,360,287,-215,332,288,-188,362,287,-194,333,289,-161,369,243,-63,344,238,63,310,213,-166,343,161,30,351,158,-62,355,81,78,362,156,-52,367,70,78,347,119,-69,334,57,30,
328,359,-121,331,366,-121,333,367,-121,336,367,-121,326,365,-107,325,365,-107,324,365,-107,346,368,-84,329,365,-15,334,353,-102,329,352,-84,377,335,-67,327,330,68,410,298,-129,332,286,31,378,284,-205,328,284,-145,367,278,-229,328,284,-168,363,287,-222,332,289,-181,365,288,-201,332,289,-154,369,243,-63,345,238,63,311,212,-176,344,162,30,355,156,-69,355,81,71,365,156,-58,366,70,71,349,118,-74,334,57,23,
326,357,-108,329,365,-113,332,365,-113,334,366,-113,325,364,-96,324,364,-96,323,364,-96,345,367,-72,328,364,-5,333,352,-93,328,351,-72,377,335,-56,328,330,77,409,298,-117,333,287,39,378,286,-192,327,284,-140,368,280,-216,328,284,-164,364,288,-208,332,290,-176,366,290,-188,331,290,-149,371,242,-63,347,238,63,311,209,-174,344,162,30,358,156,-61,355,81,75,369,156,-49,365,70,75,351,117,-61,334,57,25,
326,357,-106,329,364,-110,331,365,-110,334,366,-110,324,364,-93,323,364,-93,323,363,-93,344,367,-70,328,364,-2,332,352,-90,328,350,-69,377,335,-55,329,330,81,409,298,-118,334,287,39,378,286,-192,327,285,-144,368,280,-216,328,285,-168,364,289,-208,332,290,-180,366,290,-188,331,290,-153,371,242,-64,348,237,64,311,208,-177,344,162,30,359,156,-62,355,81,75,371,156,-49,365,70,76,353,116,-61,333,57,25,
326,355,-102,329,362,-107,331,363,-107,334,364,-107,324,361,-90,323,361,-90,323,361,-90,344,366,-70,328,362,0,332,350,-87,328,348,-66,377,333,-54,330,329,83,408,298,-117,337,287,45,379,286,-187,327,284,-131,368,281,-211,327,284,-153,364,289,-204,330,289,-167,367,291,-183,330,289,-141,372,241,-65,348,235,65,312,205,-181,344,162,33,362,156,-67,355,81,76,375,155,-55,365,70,76,356,116,-68,333,57,31,
325,353,-89,328,361,-94,330,361,-94,333,362,-94,324,359,-77,323,359,-77,322,359,-77,343,365,-67,328,360,10,332,348,-75,328,346,-54,376,332,-52,332,326,90,407,293,-120,341,284,58,378,284,-188,328,282,-110,368,279,-211,326,280,-131,364,289,-202,330,285,-146,366,290,-184,329,286,-120,375,240,-64,350,234,64,318,197,-185,343,162,31,369,152,-69,356,81,68,383,153,-57,365,70,68,365,112,-74,333,57,19,
325,352,-89,327,359,-94,329,360,-94,332,361,-94,323,358,-77,323,358,-77,322,358,-77,343,363,-69,328,359,10,331,346,-76,327,345,-54,376,332,-60,334,326,90,403,286,-138,346,280,65,374,284,-212,329,274,-93,364,279,-235,326,272,-112,359,290,-224,329,277,-129,362,291,-207,329,279,-104,377,237,-64,352,233,64,323,187,-191,341,161,30,377,150,-63,356,82,71,389,150,-49,365,70,72,377,109,-63,333,56,24,
325,351,-71,328,359,-74,330,359,-74,333,360,-74,324,358,-57,323,358,-57,323,358,-57,343,362,-52,330,358,25,332,345,-60,328,344,-38,376,331,-56,338,323,100,394,284,-149,349,275,103,366,295,-224,334,260,-8,355,300,-247,332,255,-19,353,306,-235,331,259,-38,356,304,-219,332,260,-19,377,236,-64,353,232,64,328,179,-189,338,160,27,387,143,-64,355,83,63,400,143,-49,365,70,63,390,104,-68,332,56,12,
325,352,-22,328,359,-27,330,360,-27,333,361,-27,325,358,-10,325,358,-10,324,358,-10,344,362,-19,332,358,58,332,346,-18,329,345,3,376,330,-45,342,320,118,387,281,-123,356,273,105,359,306,-137,339,249,-7,350,313,-152,335,239,-16,349,319,-140,335,242,-34,352,316,-131,336,246,-17,377,236,-64,354,231,64,333,170,-137,338,160,41,397,137,-64,355,84,62,410,138,-53,366,70,60,402,98,-70,332,56,15,
326,351,-36,328,359,-41,330,359,-41,333,360,-41,326,358,-23,326,358,-23,326,358,-24,344,361,-30,334,358,47,333,346,-30,330,345,-8,376,330,-49,343,320,110,385,282,-132,354,273,104,357,306,-158,340,246,-2,349,311,-182,336,237,-12,348,317,-171,336,239,-31,351,315,-152,337,243,-13,377,235,-64,355,231,64,334,169,-150,337,161,35,398,136,-69,355,85,47,410,136,-62,366,70,45,403,97,-80,332,56,0,
329,352,7,331,359,0,333,360,0,335,361,0,330,358,18,330,358,18,330,358,18,346,361,-10,338,358,76,335,346,4,333,345,29,376,330,-49,345,320,129,380,287,-81,357,274,135,349,313,-24,346,240,63,342,317,-29,340,227,58,342,321,-24,342,231,40,345,320,-19,343,235,53,377,235,-64,355,232,64,342,164,-133,337,158,34,407,131,-65,355,85,28,419,132,-58,366,70,24,413,92,-73,332,56,-14,
334,352,7,336,359,-2,338,360,-2,340,361,-2,334,358,18,334,358,18,334,358,18,351,361,-20,342,358,73,340,346,2,337,345,29,378,329,-56,348,321,131,380,282,-56,357,274,130,348,310,49,347,249,45,343,320,51,343,240,41,343,324,57,344,244,26,347,320,56,346,240,36,377,232,-64,354,230,64,351,158,-127,337,154,59,419,123,-36,355,84,84,429,124,-27,366,71,83,426,86,-42,332,56,50,
340,352,45,342,359,34,344,360,34,346,361,34,341,358,56,341,358,56,341,358,56,357,361,8,350,358,108,344,346,37,342,345,66,381,327,-45,356,321,160,362,282,-46,356,272,164,333,322,57,356,245,103,327,329,52,360,242,100,330,332,60,359,247,87,333,329,63,359,248,95,377,228,-64,354,227,64,358,153,-120,336,152,69,427,117,-5,355,82,116,437,119,6,365,71,118,439,78,-6,332,56,88,
347,352,21,350,359,13,352,360,13,354,360,13,348,358,33,348,358,33,348,358,33,364,360,4,356,358,99,352,346,20,349,345,47,384,326,-45,362,321,168,356,284,-66,364,270,196,320,320,-46,364,232,166,313,324,-58,368,223,169,314,328,-48,373,225,153,318,326,-40,372,230,157,377,227,-69,354,226,69,366,150,-132,336,151,70,437,113,-33,355,81,110,447,114,-22,365,70,112,447,75,-37,332,56,75,
354,352,-14,357,359,-23,359,359,-23,361,360,-23,355,358,0,355,358,0,355,358,0,371,359,-32,363,358,72,358,346,-15,355,345,15,389,325,-81,364,320,152,356,292,-180,367,270,157,312,319,-223,366,231,115,301,323,-247,371,220,116,302,328,-229,372,222,99,306,326,-216,371,227,106,377,223,-68,354,222,68,379,146,-140,336,149,80,444,110,-23,355,80,154,454,111,-11,365,69,159,455,72,-45,332,55,118,
355,352,4,358,358,-5,360,359,-5,361,359,-5,356,358,15,356,358,15,356,358,15,372,359,-23,363,358,77,359,346,0,356,346,29,390,324,-72,365,319,142,356,294,-144,365,271,154,310,319,-148,365,231,109,299,323,-166,370,220,107,299,327,-153,371,223,91,304,326,-142,370,228,100,377,222,-67,353,221,67,380,145,-141,336,148,83,445,111,-1,355,80,167,454,113,13,365,69,173,455,74,-18,332,55,138,
361,351,0,365,357,-10,366,358,-10,368,358,-10,363,357,11,362,357,11,363,358,11,378,357,-27,371,357,74,365,346,-3,362,345,25,394,322,-82,371,319,139,354,300,-162,370,271,161,305,317,-175,369,236,116,293,321,-199,369,224,112,294,325,-185,370,227,95,298,324,-170,370,232,106,377,221,-67,353,221,66,387,143,-140,335,148,71,449,109,-2,355,81,146,460,110,11,365,69,151,460,70,-24,332,55,111,
368,349,13,372,355,2,374,356,2,375,356,2,370,355,25,370,356,25,370,356,25,385,355,-19,378,355,84,373,344,8,370,344,38,400,320,-78,376,317,150,353,302,-141,370,274,180,303,316,-129,364,247,142,291,319,-155,363,237,137,291,324,-146,364,239,120,296,323,-124,366,244,132,377,220,-67,353,219,66,394,142,-127,335,147,71,456,102,-11,355,81,142,466,105,0,365,69,146,464,65,-30,331,55,108,
375,347,4,379,354,-1,381,354,-1,383,354,-1,377,353,21,377,354,21,378,354,21,392,353,-36,385,353,67,379,342,0,377,342,35,403,318,-95,385,315,138,351,305,-153,370,278,171,304,316,-136,362,261,150,292,319,-158,359,254,147,291,321,-150,363,257,133,295,321,-131,364,260,142,379,219,-65,355,219,65,399,140,-110,335,148,70,456,97,-3,355,80,135,465,100,7,365,68,139,466,61,-29,331,55,100,
382,346,-1,386,352,-5,387,352,-5,389,352,-5,384,352,14,384,352,14,385,352,14,399,351,-43,392,350,57,386,340,-3,383,340,32,409,316,-98,390,313,122,355,306,-148,375,278,166,308,316,-135,367,257,156,297,317,-157,364,250,155,296,318,-144,367,254,141,300,317,-129,368,256,148,382,217,-63,358,219,63,402,138,-111,335,148,60,457,92,-8,355,80,112,464,94,1,365,68,115,467,58,-46,330,55,81,
389,344,0,393,350,-10,394,350,-10,396,350,-10,391,350,10,392,350,10,392,350,10,405,348,-45,400,348,57,392,338,-5,390,338,25,414,314,-98,401,310,118,356,305,-146,386,274,161,312,314,-97,374,247,150,301,315,-112,373,231,149,300,316,-106,376,232,135,304,315,-93,377,237,142,386,215,-59,362,218,59,406,138,-103,336,148,61,457,88,-9,355,80,121,461,86,0,365,68,124,468,57,-46,330,55,88,
390,343,-11,394,349,-24,396,349,-24,397,349,-24,392,349,-3,392,349,-3,393,349,-3,406,347,-56,400,347,41,393,337,-19,391,337,9,414,313,-105,402,309,102,357,304,-144,386,272,161,313,312,-107,371,247,151,302,315,-122,368,234,152,302,316,-116,370,234,137,306,314,-103,372,238,143,388,213,-54,364,216,54,409,138,-88,337,148,62,457,86,0,355,80,121,461,84,6,365,68,123,468,56,-38,330,55,87,
397,341,-13,401,347,-26,403,347,-26,405,347,-26,399,347,-5,399,347,-5,399,347,-5,413,345,-53,407,345,44,400,335,-20,398,335,7,421,312,-100,406,308,106,364,303,-142,391,272,155,316,311,-102,380,242,139,306,313,-118,376,230,138,305,315,-112,378,231,124,309,314,-98,380,235,131,393,213,-52,367,216,52,412,137,-92,340,148,63,457,83,9,355,80,131,459,80,18,365,68,135,469,55,-27,331,55,97,
403,339,4,407,345,-8,409,345,-8,411,345,-8,405,345,12,405,345,12,405,345,12,420,343,-39,413,343,60,407,333,-3,404,333,24,431,309,-85,410,307,110,378,303,-117,395,271,132,328,311,-86,384,240,86,317,313,-102,380,229,78,315,314,-97,382,230,64,320,313,-82,384,235,77,399,212,-49,372,217,48,415,136,-95,344,147,50,459,81,9,355,80,118,460,77,17,365,68,122,469,55,-29,331,55,80,
410,337,-2,414,343,-19,415,343,-19,417,343,-19,412,343,3,412,343,3,412,343,3,427,341,-58,420,341,45,414,331,-15,411,331,15,437,308,-99,423,307,94,384,303,-127,407,270,132,336,311,-97,392,240,106,325,312,-114,387,226,106,325,314,-108,390,226,90,329,313,-93,392,231,98,404,211,-47,378,217,47,420,135,-87,349,147,52,460,79,17,355,80,113,461,75,26,365,68,116,469,55,-18,331,55,75,
417,336,-8,421,342,-25,423,342,-25,424,342,-25,419,342,-3,419,342,-3,419,342,-3,433,340,-59,427,340,41,421,330,-19,418,330,9,443,308,-97,429,306,91,391,302,-128,412,270,130,346,311,-100,398,237,114,335,313,-115,393,224,114,334,315,-110,395,225,100,338,313,-96,397,229,107,410,210,-44,384,217,44,426,134,-86,354,147,42,463,77,24,356,80,101,463,74,33,365,68,104,469,55,-13,331,55,62,
424,336,-12,428,342,-27,429,342,-27,431,342,-28,426,342,-6,426,342,-6,426,342,-6,441,340,-60,434,340,39,427,330,-22,425,330,6,451,308,-98,434,306,89,400,302,-131,417,269,124,359,313,-102,398,232,99,347,314,-116,392,220,96,346,316,-114,394,219,80,351,315,-100,397,224,90,417,211,-43,390,217,43,431,134,-73,360,148,33,464,77,36,357,80,81,464,73,45,365,68,83,469,55,-2,331,56,37,
425,336,-15,429,342,-27,430,342,-27,432,342,-27,426,342,-7,426,342,-7,426,342,-7,442,340,-54,434,340,42,429,330,-21,426,330,6,453,307,-91,431,305,95,402,302,-128,411,269,122,359,314,-103,394,234,83,347,315,-118,387,223,77,347,317,-114,390,223,62,351,316,-100,393,227,74,419,212,-43,391,217,43,432,135,-67,361,148,29,463,78,43,357,80,86,464,72,52,365,68,89,470,55,3,331,56,43,
430,336,-14,433,342,-25,435,342,-25,437,342,-25,431,342,-6,431,342,-6,431,342,-6,447,341,-43,438,341,46,434,330,-19,431,330,6,461,307,-78,433,305,97,413,302,-126,414,269,122,372,316,-113,395,234,81,360,318,-132,388,222,74,359,320,-126,391,222,58,364,318,-110,394,226,72,424,212,-38,396,218,38,436,135,-70,366,148,17,462,79,50,358,80,80,463,73,60,365,68,83,471,55,9,332,56,33,
435,336,-9,439,342,-18,441,343,-18,443,343,-18,436,342,0,435,343,0,435,343,0,452,341,-32,442,341,52,440,331,-11,436,331,12,469,307,-61,436,305,94,426,302,-120,420,269,111,386,317,-126,404,227,71,372,320,-146,399,213,63,372,323,-139,402,213,47,376,321,-122,405,218,62,431,213,-32,402,219,32,442,136,-67,370,148,7,464,78,49,358,80,69,463,72,58,365,68,72,470,55,2,332,56,15,
439,337,0,443,343,-8,445,343,-8,447,343,-8,440,343,8,439,343,8,439,343,8,456,342,-15,446,342,64,444,331,0,440,331,22,475,308,-43,439,306,97,439,302,-128,431,269,112,400,320,-170,419,226,70,384,324,-195,413,212,61,382,327,-184,415,211,44,388,325,-167,418,217,61,437,216,-30,408,221,30,447,137,-60,376,149,8,465,78,55,360,80,67,462,72,63,366,69,69,471,55,0,334,58,6,
443,341,-2,446,347,-10,448,347,-10,450,347,-10,443,347,6,443,347,6,443,347,6,461,345,-8,449,345,68,447,335,-1,443,335,20,479,311,-41,440,311,111,454,302,-150,426,280,117,415,320,-214,409,243,78,404,325,-241,403,232,69,402,327,-231,405,230,53,408,324,-211,408,235,69,444,218,-32,414,223,32,452,139,-54,384,151,6,466,78,52,367,83,60,463,71,60,372,72,61,471,55,-1,340,61,-6,
447,347,-92,451,353,-91,454,353,-91,456,353,-91,446,352,-79,445,352,-79,444,352,-79,466,350,-51,448,349,1,452,340,-76,447,340,-60,483,316,-51,439,318,75,470,295,-146,424,318,190,447,307,-228,408,330,270,440,308,-246,407,330,279,441,312,-254,410,330,271,442,311,-232,411,329,267,451,220,-28,420,225,28,456,140,-49,389,152,-1,466,78,64,377,86,65,463,69,72,383,76,66,471,55,0,353,63,-5,
448,348,-82,452,354,-83,454,355,-83,456,355,-83,447,354,-71,446,354,-71,445,353,-71,466,352,-50,448,351,6,453,342,-68,447,342,-52,484,317,-55,439,320,75,470,295,-170,422,325,179,447,304,-283,408,334,239,442,302,-306,407,334,245,442,304,-315,410,334,237,443,305,-288,411,333,236,452,220,-29,421,225,28,456,142,-44,391,153,4,466,78,59,379,88,65,463,70,66,385,77,66,471,56,-4,356,64,-7,
452,352,-77,456,357,-73,459,358,-73,462,358,-73,450,357,-62,449,357,-62,447,357,-62,469,355,-29,449,355,22,457,345,-59,450,345,-43,485,321,-31,440,321,82,477,304,-156,437,289,141,455,306,-272,428,244,107,450,306,-305,423,237,95,448,308,-303,425,233,73,450,308,-274,426,237,96,457,222,-28,425,227,28,459,146,-53,398,154,3,466,79,56,391,90,84,463,71,60,397,81,87,471,56,-40,370,66,6,
456,356,-135,460,361,-123,463,361,-123,466,361,-123,454,361,-119,452,361,-119,449,361,-119,471,358,-47,449,358,-26,460,349,-108,452,349,-101,489,321,-30,439,321,30,493,305,-123,434,276,65,458,309,-242,429,236,26,447,307,-274,426,224,9,445,309,-271,427,224,-9,448,309,-244,428,228,16,462,224,-15,428,229,16,462,148,-45,406,155,-1,466,79,67,405,94,97,463,71,73,411,84,102,471,56,-28,386,67,11,
459,358,-181,463,364,-169,466,363,-169,468,363,-169,457,363,-165,454,363,-165,452,363,-165,472,361,-95,450,360,-75,463,351,-153,455,351,-148,489,321,-65,437,321,-9,510,307,-144,434,276,37,466,312,-250,429,237,2,456,315,-280,427,225,-11,453,315,-272,428,226,-30,455,314,-249,430,230,-6,466,226,-15,431,230,15,465,149,-27,415,155,12,467,80,94,418,96,132,463,72,101,422,88,138,470,56,1,402,70,51,
461,360,-182,466,366,-168,468,366,-168,470,365,-168,459,367,-166,456,367,-166,454,367,-166,473,362,-89,450,364,-81,464,353,-153,457,354,-151,488,321,-63,437,322,-24,525,311,-149,434,277,9,480,321,-262,429,239,-26,466,325,-294,428,227,-42,463,326,-282,429,227,-60,468,324,-260,431,231,-34,470,229,-8,435,231,8,469,149,-13,424,155,15,467,80,113,428,97,148,463,72,121,431,90,156,471,56,27,416,70,72,
462,362,-239,467,368,-226,469,367,-226,471,367,-226,459,368,-225,457,368,-225,454,368,-225,474,364,-147,451,365,-138,465,354,-209,457,355,-207,490,324,-105,436,324,-72,536,316,-184,432,276,-19,497,319,-303,428,238,-46,485,323,-335,427,225,-61,480,325,-332,429,226,-81,482,323,-304,431,230,-55,474,230,-5,438,232,5,471,149,-18,433,154,16,466,81,109,436,98,186,463,72,117,438,92,199,468,57,22,430,70,122,
462,363,-233,466,368,-220,469,368,-220,471,368,-220,459,369,-219,456,369,-219,454,369,-219,474,364,-141,451,365,-134,465,355,-204,457,355,-201,491,325,-104,436,324,-68,536,316,-182,432,276,-20,498,319,-297,428,238,-49,486,318,-329,426,225,-63,481,323,-324,429,226,-84,484,322,-297,430,230,-58,474,231,-5,439,232,5,473,150,-8,434,154,26,466,82,115,436,98,173,462,74,122,439,91,183,468,57,26,430,70,99,
462,364,-252,466,370,-239,469,370,-239,471,369,-239,459,370,-237,457,370,-237,454,370,-237,474,366,-159,451,367,-146,466,357,-223,457,357,-219,492,326,-118,435,325,-80,540,317,-210,431,276,-48,502,318,-338,428,235,-96,489,318,-373,427,224,-114,484,322,-367,429,224,-134,487,321,-339,431,228,-105,476,232,-3,441,233,3,476,150,-16,441,154,12,467,84,127,441,98,168,463,77,137,443,93,180,468,58,41,439,70,95,
462,365,-258,466,370,-246,469,370,-246,471,370,-246,459,371,-243,457,371,-243,454,371,-243,474,366,-166,452,367,-154,466,357,-229,457,358,-225,494,327,-118,435,325,-93,541,320,-209,431,275,-69,507,318,-347,428,233,-120,494,318,-383,427,221,-138,489,322,-379,430,221,-157,493,321,-349,431,225,-128,478,233,0,443,234,0,479,151,-16,448,154,3,467,86,114,445,97,163,463,78,122,445,91,167,468,59,27,445,70,62,
463,365,-225,468,370,-213,470,370,-213,472,370,-213,460,371,-211,458,371,-211,456,371,-211,475,367,-135,452,367,-123,467,357,-195,458,358,-192,495,330,-89,435,325,-62,544,321,-169,431,275,-34,513,313,-315,428,233,-89,504,312,-352,426,220,-108,500,317,-350,428,220,-129,501,316,-318,430,224,-98,481,233,1,445,234,-1,481,150,-21,453,154,-13,467,87,118,448,97,144,463,80,128,447,90,157,469,59,35,448,68,53,
465,365,-242,469,371,-228,471,370,-228,474,370,-228,461,371,-228,459,371,-228,456,371,-228,476,368,-143,453,367,-140,468,358,-209,459,358,-208,495,332,-88,435,325,-72,545,323,-164,428,273,-41,517,312,-322,427,229,-98,509,309,-360,425,217,-116,505,313,-361,427,217,-138,505,314,-326,429,220,-106,483,233,1,447,233,-1,483,150,-23,457,153,-16,468,87,121,450,95,132,463,81,131,449,89,144,469,59,36,452,66,43,
466,365,-250,470,371,-236,472,371,-236,475,371,-236,463,371,-238,460,371,-238,458,371,-238,476,368,-146,454,367,-151,470,358,-216,461,358,-217,496,333,-88,435,325,-82,544,325,-150,425,272,-51,517,309,-310,424,229,-109,509,304,-348,423,217,-129,505,307,-353,426,216,-152,506,309,-315,428,220,-118,484,233,6,448,233,-6,484,150,-14,459,153,-15,468,87,118,452,90,106,463,81,127,450,82,113,471,59,30,458,63,9,
466,365,-248,471,371,-235,473,371,-235,475,371,-235,463,371,-236,460,371,-236,458,371,-236,476,368,-146,454,367,-150,470,358,-214,461,358,-215,496,333,-87,434,325,-79,544,325,-149,424,272,-44,517,308,-306,422,228,-100,509,303,-344,420,217,-119,505,306,-349,424,216,-141,506,307,-311,426,220,-108,484,233,5,449,233,-5,484,150,-11,460,153,-10,468,88,117,453,88,106,464,82,125,451,79,112,471,60,28,458,62,10,
467,366,-245,471,371,-232,473,371,-232,475,371,-232,464,371,-233,461,371,-233,458,371,-233,477,369,-143,455,368,-147,471,359,-211,462,359,-213,496,332,-86,434,324,-76,541,324,-151,424,272,-42,514,306,-314,420,228,-95,505,299,-353,418,217,-114,501,302,-358,422,217,-136,503,305,-320,424,220,-104,485,233,5,450,233,-5,484,150,-10,460,152,-9,468,87,114,454,86,98,464,82,123,452,76,103,473,60,21,458,60,1,
467,366,-234,471,371,-221,474,371,-221,475,371,-221,464,371,-222,461,371,-222,459,371,-222,477,368,-141,455,368,-136,471,359,-201,463,359,-201,497,332,-74,434,324,-65,537,323,-141,423,272,-31,514,304,-317,418,229,-87,509,297,-357,416,217,-105,503,300,-365,420,217,-127,504,303,-323,422,220,-95,486,233,5,451,233,-5,484,150,-10,460,150,-12,469,87,117,455,85,100,464,81,125,453,75,106,473,60,24,458,60,4,
468,365,-195,471,371,-181,473,371,-181,475,371,-181,464,371,-182,462,371,-182,459,371,-182,477,368,-94,455,368,-95,472,359,-161,463,359,-162,498,332,-43,434,324,-26,533,316,-113,423,272,6,518,297,-310,417,229,-64,515,289,-350,413,218,-87,509,292,-361,417,217,-114,509,295,-317,420,221,-74,486,233,3,451,233,-3,484,149,-16,459,148,-21,468,87,101,454,84,87,464,80,107,452,72,91,472,60,1,456,59,-14,
469,366,-160,472,371,-146,474,371,-146,476,371,-146,465,371,-148,462,371,-148,460,371,-148,478,369,-61,456,368,-66,473,359,-128,464,359,-129,498,332,-25,435,324,-8,524,312,-117,422,274,2,518,295,-331,416,233,-67,518,287,-376,413,220,-90,512,288,-391,417,220,-113,511,291,-342,419,224,-77,487,233,3,452,232,-3,484,148,-17,458,147,-19,468,86,100,453,82,89,464,79,107,452,70,94,472,60,4,456,58,-9,
471,366,-161,473,371,-147,475,371,-147,477,371,-147,466,371,-149,464,371,-149,461,371,-149,479,369,-60,456,368,-68,475,359,-128,466,359,-130,498,332,-16,436,325,-3,518,310,-72,421,278,28,519,288,-267,415,238,-27,520,279,-308,411,225,-45,514,281,-329,417,225,-68,512,283,-279,419,229,-37,487,233,2,452,232,-2,484,148,-18,457,147,-22,468,86,95,453,82,86,464,79,101,452,71,91,472,59,0,457,58,-9,
472,366,-145,474,371,-131,476,371,-131,477,372,-131,467,371,-132,464,371,-132,462,371,-132,479,369,-45,457,368,-51,475,359,-113,467,359,-114,498,332,-10,437,325,7,517,309,-88,421,280,32,518,287,-268,415,241,-26,520,279,-326,411,228,-45,513,280,-353,417,228,-67,511,283,-295,419,232,-35,487,233,2,453,232,-2,485,149,-21,457,147,-23,468,86,83,453,83,76,464,79,89,452,72,80,473,59,-10,458,58,-20,
472,366,-103,474,372,-88,476,372,-88,478,372,-89,467,371,-91,465,371,-91,462,371,-91,479,369,-5,457,368,-15,476,359,-72,467,359,-74,498,332,28,438,326,31,513,302,-41,418,284,44,518,281,-243,415,246,-15,520,273,-286,411,234,-35,514,275,-304,417,235,-54,511,277,-256,419,239,-23,487,233,4,452,232,-4,484,150,-23,457,148,-33,468,86,77,454,83,64,464,79,82,452,73,68,473,59,-12,458,58,-27,
473,366,-121,476,371,-100,477,371,-100,479,372,-101,469,371,-131,466,371,-131,463,371,-131,480,369,-50,458,368,-77,477,359,-103,469,359,-111,498,332,6,438,327,-22,509,296,22,412,286,-3,516,268,-101,418,249,-66,517,258,-131,422,236,-87,512,260,-153,427,240,-104,510,263,-113,427,244,-72,486,233,15,452,232,-15,484,151,-15,457,149,-41,468,86,84,453,83,55,464,78,89,452,73,59,473,59,-5,459,58,-39,
475,365,-205,477,371,-188,478,371,-188,480,371,-188,470,371,-200,467,372,-200,465,372,-200,481,369,-87,458,369,-130,478,359,-166,470,359,-179,496,331,-7,437,327,-66,500,290,53,409,290,-36,508,257,-29,423,256,-84,511,246,-51,430,247,-103,512,248,-76,434,250,-119,509,252,-42,432,254,-90,485,233,21,452,232,-20,484,152,-6,457,150,-44,468,86,107,453,83,63,464,78,112,451,73,68,474,59,13,459,58,-35,
477,365,-196,478,371,-180,480,371,-180,481,371,-180,473,371,-189,470,371,-189,467,371,-189,481,368,-87,459,369,-126,479,358,-159,472,359,-170,494,331,2,438,327,-72,492,289,60,405,292,-53,496,260,-16,430,262,-95,496,242,-37,437,255,-113,496,248,-59,441,258,-124,494,253,-28,439,261,-98,484,233,27,451,232,-27,484,151,0,458,150,-49,468,86,113,453,83,58,463,78,118,451,74,64,474,59,21,460,58,-38,
478,364,-186,479,370,-167,480,370,-167,482,370,-167,473,371,-183,470,371,-183,467,371,-183,480,367,-65,460,368,-112,480,357,-146,473,358,-167,491,329,19,439,326,-69,473,287,67,405,293,-54,472,251,-4,436,266,-80,473,239,-25,443,258,-103,474,238,-43,447,263,-105,471,242,-14,445,266,-93,482,231,37,451,231,-37,484,151,11,460,150,-56,468,87,129,453,85,58,463,80,134,449,76,65,475,59,45,459,58,-31,
478,364,-187,479,370,-169,481,369,-169,482,369,-169,473,370,-181,471,370,-181,468,371,-181,481,366,-66,460,367,-113,480,356,-147,473,357,-164,490,329,19,439,326,-74,471,286,66,405,292,-55,467,249,-5,439,266,-75,468,237,-26,446,259,-88,469,236,-44,450,264,-90,467,240,-16,448,266,-76,481,230,38,451,230,-38,484,151,12,461,150,-57,468,87,134,453,85,60,462,80,140,448,76,67,475,59,49,459,58,-30,
479,361,-195,480,367,-176,481,367,-176,482,368,-176,474,368,-189,471,368,-189,468,368,-189,481,365,-68,460,365,-123,480,354,-154,474,354,-170,488,327,20,439,323,-95,471,285,67,405,291,-112,470,248,-9,438,267,-163,471,236,-29,447,262,-185,471,236,-48,450,268,-188,469,240,-20,447,269,-164,479,229,46,450,229,-46,484,151,18,464,149,-75,468,88,146,451,88,60,462,82,154,446,81,69,475,59,76,459,59,-15,
479,359,-221,479,365,-202,481,365,-202,482,365,-202,474,365,-213,471,365,-213,468,365,-213,481,363,-92,460,363,-143,481,352,-180,474,352,-194,486,325,11,440,321,-117,470,283,50,406,283,-130,471,248,-26,445,264,-169,474,238,-45,456,258,-189,474,237,-63,459,264,-192,472,241,-36,455,266,-170,476,228,49,448,228,-49,484,150,20,465,149,-83,468,88,147,448,93,64,460,82,154,442,88,80,475,59,82,457,62,13,
480,355,-236,480,362,-216,481,362,-216,482,362,-216,475,362,-232,472,362,-232,469,361,-232,480,360,-105,460,359,-177,481,349,-193,475,348,-214,482,325,7,440,317,-167,468,279,53,409,273,-186,472,248,-22,455,262,-202,473,239,-39,467,260,-222,473,239,-58,469,266,-223,472,241,-33,465,267,-201,474,226,58,446,225,-58,483,150,28,465,149,-86,467,87,146,441,98,85,459,82,154,435,95,102,474,58,87,446,65,45,
481,352,-218,480,359,-200,481,359,-200,482,359,-200,475,358,-216,473,358,-216,471,358,-216,476,356,-97,461,355,-176,481,345,-179,476,344,-200,478,321,6,440,313,-171,468,272,38,418,264,-171,472,247,-60,465,262,-163,476,238,-78,476,264,-181,476,239,-99,476,271,-184,473,242,-76,473,270,-162,471,220,59,443,219,-59,481,146,33,464,147,-78,467,85,155,431,99,109,459,78,162,424,97,126,474,57,95,435,67,71,
480,349,-115,479,356,-100,480,356,-100,480,356,-100,475,355,-119,473,356,-120,470,356,-120,472,354,-16,460,354,-103,480,343,-82,475,342,-107,473,317,62,440,313,-130,465,267,55,435,261,-141,474,248,-65,478,269,-64,478,240,-80,486,275,-75,477,242,-105,485,282,-78,471,245,-77,483,280,-62,469,219,56,441,218,-55,479,144,30,456,145,-73,467,84,147,417,99,114,460,75,155,409,97,131,474,57,78,418,68,77,
480,349,-138,479,356,-122,479,356,-122,479,356,-122,475,356,-141,473,356,-141,470,356,-141,471,354,-33,460,354,-114,480,343,-103,475,342,-127,472,316,54,440,313,-132,463,265,66,436,260,-127,470,244,-44,478,272,-86,473,236,-63,487,277,-98,474,239,-80,486,283,-101,470,242,-55,483,281,-84,467,218,57,440,217,-57,478,144,26,454,144,-77,467,83,142,415,99,112,460,74,149,406,97,129,474,57,80,416,68,78,
478,350,-60,476,357,-48,475,357,-48,475,357,-48,473,357,-68,472,357,-68,470,357,-68,467,355,19,458,355,-65,476,343,-32,474,343,-57,469,316,88,440,314,-106,463,267,65,444,263,-94,471,248,-55,482,284,-21,474,237,-77,492,289,-29,475,240,-96,491,294,-31,471,242,-67,488,293,-18,466,218,56,439,218,-56,476,142,22,444,143,-83,467,83,146,398,98,93,460,74,155,390,96,112,474,57,102,396,68,56,
471,349,-41,469,356,-30,468,356,-30,468,357,-30,467,356,-50,465,357,-50,463,357,-50,461,354,36,454,354,-53,470,343,-14,467,343,-40,462,314,104,438,315,-95,465,266,54,454,264,-82,487,285,-113,487,293,22,495,288,-139,496,297,20,494,293,-141,495,302,19,491,292,-121,491,301,26,464,216,55,438,217,-55,473,141,59,433,141,-78,467,83,184,381,98,46,460,74,192,373,95,57,474,57,140,377,66,4,
464,347,-31,462,354,-19,462,354,-19,462,354,-19,460,354,-40,459,354,-40,457,355,-40,454,352,49,448,353,-45,463,341,-4,460,341,-31,456,311,111,433,315,-93,467,267,50,462,268,-95,496,296,-115,493,303,3,505,303,-141,503,308,0,506,308,-141,502,312,0,501,305,-122,497,310,8,462,214,55,436,214,-55,472,140,62,421,139,-76,466,83,182,366,97,35,460,74,191,360,94,45,474,57,143,355,65,-6,
457,345,-32,455,352,-18,455,353,-18,454,353,-18,453,352,-40,452,352,-40,450,353,-40,446,351,52,442,350,-46,456,340,-4,454,340,-33,450,309,121,429,313,-99,463,266,108,464,276,-143,491,268,2,500,307,-78,498,278,-14,512,316,-96,498,292,-28,512,321,-86,495,284,-8,507,318,-72,460,212,57,434,212,-57,471,139,72,407,139,-75,466,82,202,351,93,29,460,73,212,345,91,38,474,57,161,335,61,-25,
450,343,-31,447,350,-17,447,351,-17,446,351,-17,445,350,-39,444,350,-39,443,351,-39,438,348,51,434,348,-49,448,338,-4,446,337,-33,447,305,116,421,311,-101,465,267,127,462,284,-164,492,267,60,507,313,-141,497,271,50,518,320,-167,498,278,31,518,326,-155,496,276,49,514,323,-136,459,212,56,432,213,-56,472,140,68,397,139,-71,466,81,203,339,89,24,460,73,212,337,87,30,473,57,153,322,58,-45,
449,344,-40,447,351,-26,446,351,-26,446,351,-26,446,351,-48,444,351,-48,443,351,-48,438,349,42,434,349,-59,448,338,-13,446,338,-43,447,305,107,421,311,-114,465,267,109,465,286,-171,489,259,30,508,314,-141,491,259,17,519,321,-166,491,267,0,519,326,-155,491,267,19,516,324,-136,459,213,55,431,213,-55,472,140,75,395,139,-65,466,81,209,339,88,27,460,73,219,335,85,33,473,57,160,323,57,-42,
442,342,-68,439,348,-54,439,349,-54,439,349,-54,438,348,-83,437,348,-83,435,349,-83,431,346,11,426,346,-100,441,336,-43,438,336,-79,441,303,86,415,306,-155,467,282,97,468,292,-226,501,298,38,512,315,-224,511,304,32,524,322,-256,510,307,10,525,327,-239,509,300,26,521,324,-218,456,212,55,427,212,-55,471,140,70,389,139,-64,466,81,215,330,87,26,460,73,226,325,84,32,473,57,171,320,56,-44,
435,341,-88,432,348,-73,432,348,-73,431,348,-73,431,348,-98,430,348,-98,429,348,-98,423,345,-5,420,345,-110,434,335,-61,432,334,-93,434,303,66,409,303,-163,457,280,98,466,297,-231,483,277,72,513,315,-219,487,277,70,526,322,-248,488,282,51,526,327,-234,488,280,61,522,324,-213,452,209,53,421,208,-53,468,139,67,382,136,-64,466,81,236,325,86,36,460,73,250,321,83,44,474,57,193,316,55,-32,
426,339,-66,424,346,-52,423,347,-52,422,347,-52,423,346,-76,421,346,-76,420,347,-76,414,345,9,412,344,-100,425,334,-41,423,333,-73,422,304,75,402,303,-149,426,269,146,463,300,-218,440,236,168,510,315,-202,442,226,174,524,320,-231,443,228,157,524,324,-219,442,232,160,519,322,-198,445,209,51,414,207,-51,465,139,65,378,136,-58,466,81,218,324,84,50,460,73,230,320,82,58,474,58,165,316,54,-26,
419,340,-53,416,347,-40,415,347,-40,415,347,-40,415,347,-63,414,347,-63,413,347,-63,407,345,24,404,345,-85,418,334,-28,416,334,-59,418,304,83,394,304,-140,432,270,124,454,300,-200,443,245,102,505,313,-181,444,237,99,518,318,-209,444,241,83,519,322,-197,444,244,94,514,320,-176,439,209,48,408,208,-48,460,140,50,373,135,-55,465,81,202,322,83,55,460,73,214,319,79,63,473,57,141,314,53,-24,
413,339,-33,410,347,-19,409,347,-19,409,347,-19,409,347,-43,408,347,-43,406,347,-43,401,344,44,398,345,-67,411,334,-7,410,333,-40,409,304,103,387,305,-126,422,270,148,445,301,-193,431,242,141,497,312,-173,431,233,141,515,316,-201,430,236,124,516,320,-189,431,240,132,509,318,-169,432,210,48,402,208,-48,455,140,43,371,136,-57,465,81,167,321,81,39,460,72,175,316,76,45,473,58,103,313,52,-35,
412,340,-42,409,347,-29,409,347,-29,408,347,-29,408,347,-54,407,347,-54,406,347,-54,400,345,33,398,345,-70,411,334,-17,409,334,-49,408,304,96,385,305,-134,420,270,162,443,301,-207,428,243,188,497,312,-198,428,235,195,514,316,-228,428,239,177,515,319,-214,429,243,180,509,317,-193,431,210,47,401,209,-47,454,141,45,369,135,-54,464,81,175,321,81,45,460,72,184,317,76,51,473,58,119,313,52,-29,
406,340,-48,403,347,-32,402,347,-32,402,348,-32,402,347,-55,400,348,-55,399,348,-55,394,345,25,391,345,-83,404,334,-19,403,334,-53,405,304,80,377,306,-138,426,273,108,433,301,-204,439,247,88,487,312,-190,440,239,86,503,315,-219,440,245,68,504,318,-205,440,249,79,498,316,-184,426,210,44,395,209,-44,451,141,47,365,135,-49,464,81,177,319,80,60,460,72,186,317,74,67,473,58,124,313,52,-13,
399,341,-73,396,348,-60,396,348,-60,395,348,-60,394,348,-82,393,348,-82,392,348,-82,388,345,5,382,345,-95,397,335,-46,395,334,-76,400,304,60,368,306,-142,421,274,66,421,300,-213,429,248,9,474,311,-206,429,241,0,489,314,-235,426,246,-14,491,318,-223,427,249,1,485,316,-201,420,211,41,388,209,-41,447,142,43,360,136,-43,463,81,175,318,79,73,460,72,184,316,74,81,472,58,113,313,52,0,
392,341,-79,390,348,-67,389,348,-67,389,348,-67,388,348,-88,387,348,-88,385,348,-88,382,345,1,376,346,-96,391,335,-52,389,334,-80,394,304,61,360,306,-141,423,290,65,411,300,-212,436,272,3,464,311,-213,434,271,-6,478,314,-243,433,276,-25,480,318,-229,434,277,-7,474,316,-208,414,213,40,380,209,-40,443,142,41,354,136,-37,463,81,161,316,79,81,460,72,169,316,72,90,472,58,95,313,52,10,
385,341,-96,383,348,-83,382,348,-83,382,348,-83,381,348,-105,380,348,-105,378,349,-105,375,346,-14,369,346,-112,383,335,-68,381,335,-97,386,305,40,353,307,-151,405,279,42,402,301,-229,409,243,-17,455,313,-231,410,233,-28,469,315,-261,406,236,-42,470,319,-250,406,240,-25,465,317,-227,407,213,36,373,209,-36,439,143,21,348,136,-34,461,82,145,315,78,87,459,73,153,314,71,95,472,58,73,313,52,11,
380,343,-86,377,350,-73,377,350,-73,377,350,-73,376,351,-95,375,351,-95,373,352,-95,370,348,-4,364,349,-103,378,337,-59,376,338,-88,381,306,49,344,310,-145,387,270,66,391,302,-225,390,230,9,442,315,-243,391,218,0,456,318,-273,391,221,-18,458,321,-262,390,226,-4,453,319,-239,400,215,34,364,210,-34,433,146,1,341,136,-28,458,83,118,314,77,95,456,73,125,314,69,104,472,58,38,312,52,17,
380,346,-87,377,352,-73,377,352,-73,377,352,-73,376,353,-95,374,353,-95,373,354,-95,369,349,-1,363,351,-100,377,339,-58,376,339,-87,380,306,56,344,311,-144,389,265,76,391,302,-238,390,226,54,444,316,-259,393,215,48,457,319,-290,395,215,31,458,322,-279,392,221,45,454,320,-255,400,216,36,364,210,-36,432,147,4,341,136,-35,458,84,125,313,77,99,455,73,133,313,69,109,472,58,48,312,52,24,
375,348,-65,373,355,-51,373,355,-51,372,354,-51,371,356,-73,370,356,-73,368,356,-73,365,351,18,358,354,-80,373,342,-37,371,342,-66,374,309,75,336,314,-128,379,265,108,378,302,-226,382,229,85,430,318,-236,385,218,79,443,321,-264,385,218,63,445,324,-253,383,223,76,440,323,-232,392,217,37,355,212,-37,429,148,-9,336,137,-35,455,85,104,313,77,107,451,74,110,313,69,118,472,59,24,312,52,36,
369,351,-62,368,358,-48,367,358,-48,367,357,-48,365,359,-69,364,359,-69,362,360,-69,360,355,23,352,358,-72,367,345,-33,364,346,-61,369,314,84,327,318,-119,374,267,112,368,302,-216,377,230,79,417,319,-226,380,218,73,429,323,-254,379,219,56,430,327,-243,378,223,70,426,325,-222,383,220,38,346,215,-38,422,151,-11,330,138,-27,451,85,76,312,77,114,446,74,80,313,70,124,472,59,-9,312,52,40,
364,354,-17,363,359,-2,363,359,-2,363,359,-2,360,361,-22,359,361,-22,356,362,-22,356,357,66,346,361,-23,362,347,10,359,349,-15,365,319,114,320,321,-71,369,271,116,355,302,-134,372,232,75,400,319,-111,375,222,56,411,325,-130,376,223,48,411,328,-124,371,228,66,406,326,-107,376,223,36,340,219,-36,413,153,-10,325,142,-23,445,86,52,313,78,104,440,75,52,314,70,112,468,61,-39,312,52,28,
359,355,-11,359,361,3,359,360,3,359,360,3,356,362,-16,354,362,-16,352,363,-16,352,359,75,341,363,-12,357,349,17,354,350,-8,361,322,123,314,326,-59,363,279,109,340,301,-117,366,233,20,383,319,-87,370,223,1,396,325,-104,369,224,-9,396,328,-99,366,228,11,391,326,-83,368,227,37,333,223,-37,403,155,-9,321,143,-27,435,87,52,312,78,100,429,76,53,314,70,110,459,64,-35,312,53,20,
353,359,-30,353,364,-15,354,364,-15,354,364,-15,350,365,-33,348,366,-33,345,366,-33,348,362,61,335,366,-18,351,354,0,347,355,-23,356,326,114,311,330,-53,353,283,103,331,302,-121,358,241,11,372,320,-122,362,231,-6,382,325,-144,362,231,-20,382,328,-137,359,236,1,378,325,-119,362,229,34,327,226,-34,395,157,-11,318,146,-27,423,87,59,312,78,99,418,76,61,314,70,108,447,65,-32,312,53,20,
353,360,-55,353,366,-38,354,365,-38,354,365,-38,350,366,-51,347,366,-51,345,367,-51,349,363,50,334,366,-28,352,354,-18,348,354,-29,358,325,107,310,331,-58,355,282,112,326,301,-148,365,235,47,368,319,-228,367,227,31,378,324,-259,366,227,12,379,327,-249,363,231,36,375,325,-225,362,229,34,326,226,-34,394,157,-7,319,147,-36,421,88,77,312,78,75,417,76,81,314,70,81,444,65,-12,312,53,-20,
348,363,-60,349,368,-44,350,367,-44,351,367,-44,344,368,-56,342,369,-56,339,370,-56,347,365,46,330,368,-27,347,356,-24,342,357,-30,355,327,103,307,333,-54,353,281,109,321,300,-147,364,235,42,360,321,-209,364,227,27,370,325,-238,363,228,8,371,328,-229,361,232,31,367,326,-206,358,230,33,323,228,-33,387,157,0,317,148,-38,411,88,79,311,78,70,407,77,84,313,70,76,431,65,0,313,53,-25,
342,367,-91,344,372,-75,345,371,-75,346,371,-75,338,373,-87,335,373,-87,332,374,-87,344,368,18,325,371,-34,343,360,-55,337,361,-70,355,327,83,304,334,-58,354,282,94,315,299,-153,360,235,25,351,321,-244,358,228,11,360,326,-277,356,228,-9,360,328,-271,355,232,14,356,326,-244,355,232,30,319,229,-30,378,157,0,314,149,-41,399,88,106,311,78,74,394,78,112,312,71,81,416,65,12,313,53,-16,
337,369,-109,340,374,-91,341,374,-91,343,373,-91,333,374,-102,330,375,-102,328,375,-102,342,370,5,321,372,-37,339,362,-71,332,363,-85,356,328,71,300,335,-46,357,283,84,305,295,-153,359,238,18,340,321,-275,359,228,3,351,325,-311,358,229,-16,351,328,-303,357,232,8,347,326,-274,351,233,27,316,231,-27,370,156,-5,312,149,-44,385,89,141,310,78,88,381,79,150,312,71,95,400,64,48,313,53,-11,
337,370,-102,339,375,-86,340,375,-86,342,375,-86,333,376,-97,330,376,-97,327,376,-97,341,371,9,320,373,-39,339,363,-66,332,364,-80,354,329,72,298,336,-35,356,286,87,296,295,-146,360,245,22,328,319,-277,360,231,7,340,324,-314,359,232,-13,341,327,-306,358,238,11,337,325,-277,349,234,24,313,232,-24,362,156,-11,310,148,-46,373,89,138,310,79,87,368,80,147,312,72,95,385,64,49,313,53,-14,
335,370,-128,337,375,-112,339,375,-112,340,375,-112,331,376,-120,328,376,-121,325,376,-121,340,372,-14,317,373,-51,337,363,-91,329,363,-102,353,329,57,296,336,-39,358,286,93,288,295,-128,361,247,60,319,317,-245,361,232,51,330,321,-276,360,232,28,332,326,-270,359,238,50,329,324,-244,347,233,23,311,232,-23,354,155,-8,308,148,-45,361,89,145,311,79,87,357,80,154,313,72,94,373,63,60,313,53,-13,
335,370,-118,338,376,-102,339,375,-102,341,375,-102,331,376,-111,328,376,-111,325,377,-111,340,372,-6,317,374,-49,337,363,-81,330,364,-93,354,329,60,295,336,-31,359,285,86,287,295,-133,363,247,31,318,314,-273,363,229,17,329,319,-310,362,230,-4,331,324,-303,361,235,20,328,322,-273,346,234,22,310,233,-22,354,155,-13,307,148,-45,361,89,147,311,79,90,357,80,157,314,72,97,372,63,62,313,53,-11,
333,371,-138,335,376,-123,337,376,-123,339,376,-123,329,377,-128,326,377,-128,323,377,-128,339,373,-27,316,374,-54,335,364,-102,327,364,-110,355,329,40,295,335,-33,359,285,66,280,295,-135,363,246,5,315,313,-285,363,228,-9,326,318,-322,362,228,-30,327,322,-315,361,233,-4,325,321,-285,344,234,18,308,232,-18,347,154,-13,306,149,-43,353,89,148,310,79,93,350,80,158,314,72,101,359,63,60,314,53,-10,
330,371,-137,333,377,-122,335,376,-122,337,376,-122,326,377,-126,323,377,-126,320,377,-126,337,373,-29,314,373,-54,333,364,-101,324,364,-108,354,329,35,294,335,-23,359,284,60,275,293,-118,363,246,-4,311,312,-270,363,227,-19,322,316,-306,361,227,-40,324,321,-300,360,232,-13,321,320,-270,341,233,13,307,232,-13,341,153,-20,304,148,-40,344,88,142,310,81,105,342,80,152,314,74,114,344,60,53,315,54,9,
327,371,-143,330,377,-128,332,376,-128,334,376,-128,323,377,-131,320,377,-131,317,377,-131,336,373,-38,313,373,-54,331,364,-109,321,364,-113,354,329,18,292,335,-18,359,282,37,273,288,-108,362,243,-29,309,311,-263,362,225,-46,319,316,-298,361,225,-64,320,321,-292,359,230,-37,318,320,-264,339,233,7,305,231,-7,335,152,-20,304,148,-26,335,87,145,311,82,122,334,80,155,314,76,132,334,58,55,315,54,31,
325,371,-135,329,377,-120,331,376,-120,333,376,-120,321,377,-123,318,377,-123,315,376,-123,335,373,-33,312,373,-48,329,364,-102,320,364,-106,354,329,19,291,334,-5,359,282,36,272,284,-94,361,242,-27,307,309,-261,362,224,-43,317,315,-292,360,224,-61,318,320,-285,358,230,-35,316,319,-258,338,233,1,304,231,-1,329,151,-25,303,148,-23,327,84,129,311,82,122,328,77,138,315,76,132,326,56,36,314,55,38,
325,371,-145,328,376,-130,330,376,-130,332,376,-130,320,376,-133,318,376,-133,315,376,-133,335,373,-40,311,373,-53,329,364,-110,320,364,-114,353,329,18,290,333,-13,358,281,40,272,283,-101,359,242,-21,305,308,-259,360,224,-37,316,314,-293,358,224,-55,317,319,-288,356,230,-29,315,317,-259,337,233,1,303,232,-2,327,151,-29,302,148,-27,325,83,115,312,83,115,325,75,123,315,76,125,326,55,21,314,56,28,
325,370,-141,328,376,-126,330,376,-126,332,376,-126,321,376,-129,318,376,-129,315,376,-129,334,373,-37,312,373,-53,329,363,-107,320,364,-111,353,329,17,290,332,-8,358,281,37,272,282,-93,359,242,-26,305,307,-254,359,224,-42,315,313,-290,358,224,-60,317,318,-287,356,230,-34,315,316,-256,337,233,0,302,232,0,327,150,-33,302,148,-27,324,82,105,312,83,111,325,74,112,315,76,120,324,55,11,313,56,23,
324,370,-144,328,376,-130,330,376,-130,331,376,-130,320,376,-132,317,376,-132,315,376,-132,334,373,-43,311,373,-55,329,363,-111,320,364,-114,353,329,12,290,332,-9,358,282,32,272,281,-85,358,245,-38,302,304,-247,359,227,-56,313,310,-283,357,227,-75,315,315,-283,355,234,-47,312,314,-249,336,233,-1,302,233,1,327,150,-36,302,148,-28,325,81,100,312,83,105,325,73,107,315,76,114,325,54,6,312,56,22,
323,370,-114,326,376,-100,329,376,-100,330,376,-100,319,376,-101,316,376,-101,314,376,-101,333,373,-14,310,373,-20,327,363,-82,318,364,-83,352,329,32,289,331,25,357,282,34,272,280,-48,358,250,-27,301,302,-212,358,234,-48,312,308,-249,356,236,-66,313,313,-248,355,242,-36,311,312,-215,336,233,-3,301,233,3,328,149,-38,303,148,-28,326,81,95,312,83,98,326,73,102,315,76,105,325,54,1,311,57,10,
322,370,-106,326,376,-92,328,376,-92,330,375,-92,318,376,-94,316,376,-94,314,376,-94,333,372,-5,310,373,-15,327,363,-73,318,364,-76,352,329,44,289,331,27,357,282,50,273,279,-45,358,251,-23,299,302,-208,359,236,-45,309,307,-245,357,238,-63,311,312,-245,356,243,-32,309,311,-211,336,234,-1,301,233,1,330,149,-35,303,148,-29,326,81,95,312,83,94,325,73,102,315,76,102,325,55,1,311,58,6,
322,370,-77,326,376,-62,328,375,-62,330,375,-62,318,376,-64,316,376,-64,314,376,-64,333,372,24,310,373,11,326,363,-44,318,364,-47,351,330,70,288,331,53,357,283,79,274,279,-14,358,254,-2,298,299,-170,360,240,-28,307,305,-207,358,242,-46,308,310,-208,356,248,-12,306,309,-174,336,234,-1,301,233,1,329,148,-35,303,148,-35,326,81,100,312,83,95,326,73,108,315,76,103,325,54,8,310,58,7,
322,370,-77,326,376,-61,328,375,-61,330,375,-61,318,376,-65,316,376,-65,314,376,-65,333,372,25,310,373,10,326,363,-44,317,364,-48,351,330,70,288,331,51,357,283,76,276,279,-17,359,253,-2,298,298,-175,361,239,-32,307,303,-212,359,242,-51,308,309,-215,357,247,-12,306,308,-179,336,235,-1,301,234,1,330,148,-38,303,148,-36,326,81,92,312,83,88,326,73,99,315,76,95,325,54,0,310,58,0,
322,370,-81,326,376,-65,328,375,-65,330,375,-65,319,376,-69,316,376,-69,314,376,-69,332,372,22,310,373,6,326,363,-47,318,363,-52,351,330,66,287,331,48,357,283,73,276,279,-19,360,253,-7,298,297,-177,361,239,-36,306,302,-214,359,241,-55,307,309,-217,357,246,-17,306,307,-181,336,235,-2,301,234,2,330,148,-37,303,148,-36,326,81,92,312,83,89,326,73,99,315,76,97,325,54,0,310,58,1,
322,370,-86,326,376,-70,328,376,-70,330,375,-70,319,376,-74,316,376,-74,314,376,-73,332,372,18,310,373,1,326,363,-52,318,364,-57,351,330,64,287,331,43,357,283,71,277,280,-24,360,252,-13,299,295,-180,361,238,-41,307,299,-218,359,240,-60,309,307,-221,357,245,-24,307,306,-185,336,236,-1,302,235,1,329,148,-36,303,148,-37,326,81,89,312,83,87,325,72,95,315,76,95,325,53,-4,310,58,0,
322,370,-88,326,376,-72,328,376,-72,330,375,-72,319,376,-75,316,376,-75,314,376,-75,332,372,18,310,373,1,327,363,-54,318,364,-59,351,330,63,288,331,42,358,283,71,277,280,-23,360,252,-22,300,294,-177,361,237,-49,308,298,-215,360,239,-68,310,306,-219,357,245,-32,308,304,-182,336,236,-1,302,235,1,329,147,-36,303,148,-39,326,80,90,312,83,88,325,72,97,315,76,96,325,53,-3,310,57,0,
322,370,-129,326,376,-112,328,375,-112,330,375,-112,319,376,-116,316,376,-116,314,376,-116,332,372,-20,310,373,-36,326,363,-94,317,363,-99,351,329,25,288,331,13,358,283,30,279,280,-34,361,252,-61,301,283,-180,362,237,-91,307,277,-216,360,239,-111,310,283,-223,357,245,-72,309,285,-186,337,236,0,302,235,0,329,147,-34,303,148,-37,326,80,90,312,83,87,325,72,96,314,76,94,326,53,-7,310,57,-4,
322,370,-122,326,376,-106,328,375,-106,330,375,-106,319,376,-109,316,376,-109,314,376,-109,333,371,-13,310,373,-30,326,363,-88,317,363,-92,351,329,34,288,331,13,359,283,38,280,283,-31,361,251,-58,294,271,-174,361,236,-89,294,261,-212,359,239,-110,299,266,-223,357,244,-69,300,269,-182,337,236,2,302,236,-2,330,147,-29,303,148,-35,327,81,102,312,83,88,326,73,109,314,75,95,328,53,6,310,57,-7,
322,369,-119,326,375,-103,328,375,-103,330,374,-103,319,376,-106,316,376,-106,314,376,-106,333,371,-13,310,372,-27,326,362,-85,317,363,-89,352,329,36,288,330,11,361,282,44,280,284,-21,360,249,-46,291,265,-143,357,233,-74,290,254,-178,352,237,-96,296,257,-190,352,243,-57,297,261,-150,337,236,8,302,236,-8,332,148,-20,303,149,-35,327,85,117,312,83,86,326,79,126,314,75,92,335,58,36,310,55,-8,
322,369,-117,326,374,-101,328,374,-101,330,374,-101,319,375,-104,316,376,-104,314,376,-104,333,370,-11,310,372,-25,326,362,-84,317,363,-88,352,329,38,288,330,11,362,282,47,280,285,-17,359,248,-41,290,265,-138,355,232,-69,290,253,-173,351,236,-91,296,256,-184,351,242,-52,297,260,-145,337,235,10,302,235,-10,333,148,-19,303,149,-35,328,87,121,312,83,86,326,81,129,314,75,93,337,60,40,311,54,-7,
322,369,-128,326,374,-112,328,374,-112,330,374,-112,319,375,-114,316,376,-114,314,376,-114,333,370,-23,311,372,-33,326,362,-94,317,363,-97,353,328,33,289,330,-4,363,282,46,280,286,-37,359,248,-39,290,264,-153,355,232,-66,289,249,-190,350,236,-87,296,251,-188,350,242,-49,297,256,-156,338,234,16,303,234,-16,340,150,-17,303,149,-41,330,97,155,312,83,80,326,92,168,314,75,86,343,66,96,312,53,-12,
323,369,-134,327,374,-119,329,374,-119,331,374,-119,320,375,-121,317,376,-121,315,376,-121,335,370,-32,312,372,-43,327,362,-102,318,363,-105,355,328,20,290,330,-17,365,282,25,281,286,-53,359,249,-69,290,261,-160,355,233,-97,289,245,-191,351,238,-119,296,247,-201,351,243,-80,298,253,-167,339,233,17,303,234,-17,347,154,-9,303,150,-41,336,102,162,312,84,74,328,96,174,314,76,80,350,71,102,312,53,-16,
325,369,-150,329,374,-135,332,374,-135,334,374,-135,323,375,-137,320,376,-137,318,376,-137,338,370,-46,315,372,-58,329,362,-117,321,363,-120,357,328,11,292,331,-30,367,282,17,281,286,-65,359,250,-84,291,257,-180,356,234,-112,290,241,-213,351,239,-135,297,244,-225,351,244,-94,299,249,-187,340,233,19,303,233,-19,353,157,-1,303,150,-46,342,103,171,312,84,56,333,96,184,314,76,61,359,73,116,312,52,-37,
328,368,-150,332,374,-136,334,374,-136,336,373,-136,326,375,-138,323,375,-138,321,375,-138,340,370,-49,317,372,-62,332,361,-117,324,362,-121,358,328,9,294,331,-34,368,283,18,282,286,-72,359,251,-79,291,257,-192,356,234,-107,291,241,-226,352,239,-129,298,243,-237,351,244,-89,299,249,-199,343,233,20,305,233,-20,359,160,0,303,150,-47,351,101,151,311,84,52,341,93,162,314,76,56,372,73,85,312,52,-40,
332,365,-165,336,371,-151,338,371,-151,340,371,-151,330,373,-155,327,373,-155,325,373,-155,343,369,-59,320,371,-77,335,359,-130,328,360,-135,360,328,4,296,331,-41,370,283,6,283,286,-78,359,251,-105,292,256,-204,356,235,-137,292,241,-240,352,240,-160,298,244,-251,352,245,-116,300,249,-211,344,233,19,306,233,-19,363,161,1,303,150,-36,359,99,132,311,84,54,351,93,138,314,75,63,383,71,53,312,53,-31,
333,365,-160,337,371,-146,339,371,-146,341,371,-146,330,372,-149,328,373,-149,326,373,-149,344,369,-54,321,371,-71,336,359,-125,329,360,-130,361,328,9,296,331,-38,370,284,9,284,287,-76,360,252,-104,292,256,-199,357,235,-136,292,240,-235,352,240,-159,299,243,-246,352,245,-116,300,249,-205,345,233,19,307,233,-19,363,161,7,303,150,-32,360,98,132,311,83,68,353,92,138,315,75,74,384,70,54,312,53,-26,
336,362,-153,339,368,-139,341,368,-139,343,368,-139,332,369,-142,330,369,-142,327,370,-142,345,367,-47,323,369,-64,338,356,-117,331,356,-122,363,328,13,298,332,-30,372,284,10,285,287,-74,361,252,-104,293,256,-201,358,235,-137,293,240,-237,354,240,-159,299,243,-249,354,245,-115,300,248,-208,347,233,19,308,233,-19,366,160,2,304,150,-29,371,91,96,311,83,65,363,80,100,315,74,69,395,67,9,312,53,-31,
337,360,-148,340,366,-138,343,366,-138,345,366,-138,334,367,-141,332,368,-141,329,369,-141,347,366,-45,325,368,-60,340,354,-111,332,355,-117,365,328,20,300,332,-22,374,284,15,287,287,-49,362,252,-90,295,254,-167,360,235,-122,295,238,-202,356,240,-143,301,241,-216,355,245,-101,303,247,-175,349,232,17,310,233,-17,368,157,0,306,150,-27,381,84,72,311,82,61,374,69,73,315,73,63,406,62,-18,311,53,-33,
340,355,-188,343,362,-179,346,362,-179,348,362,-179,337,363,-182,334,364,-182,332,365,-182,350,363,-89,328,366,-105,343,350,-151,335,351,-155,367,328,-6,303,332,-43,375,284,22,289,287,-37,364,251,-67,297,253,-133,361,235,-96,297,237,-162,358,239,-120,303,240,-180,357,244,-79,304,246,-141,350,232,15,312,233,-15,370,155,-17,307,149,-28,388,79,49,311,81,60,383,63,50,315,73,63,412,58,-46,311,53,-36,
346,353,-168,349,360,-157,351,360,-157,353,360,-157,342,360,-161,339,361,-161,337,362,-161,354,361,-68,332,364,-86,349,348,-132,341,348,-137,370,328,3,307,332,-37,378,284,43,292,287,-16,369,251,-42,300,254,-107,366,235,-70,300,237,-136,362,239,-94,306,240,-154,361,244,-53,307,246,-115,352,232,13,314,233,-12,371,152,-21,308,149,-29,390,78,50,311,81,57,386,63,51,315,72,59,414,57,-42,311,53,-37,
348,349,-209,351,356,-201,354,356,-201,356,356,-201,345,356,-204,342,357,-204,339,358,-204,358,358,-111,335,362,-124,351,344,-171,343,345,-175,375,327,-24,311,332,-51,382,283,14,297,287,-29,373,251,-84,305,252,-125,369,236,-113,306,236,-153,365,240,-136,311,238,-172,365,245,-95,312,245,-134,355,231,10,317,232,-10,372,150,-22,310,148,-28,391,76,53,311,81,59,387,61,54,315,72,62,415,54,-42,311,53,-36,
348,348,-179,351,354,-183,354,355,-183,356,355,-183,345,355,-181,342,356,-181,339,358,-181,358,357,-96,335,361,-102,351,344,-142,343,344,-143,375,327,-9,313,331,-22,384,283,30,297,286,-16,373,251,-64,306,253,-119,369,236,-96,306,236,-150,365,240,-117,312,238,-167,365,245,-75,313,245,-127,356,230,9,318,232,-9,372,149,-27,310,148,-29,392,75,46,311,80,56,387,62,48,315,71,59,413,53,-46,311,53,-37,
352,347,-245,355,353,-239,358,354,-239,360,354,-239,348,354,-241,346,355,-241,343,356,-241,363,356,-148,339,359,-158,355,342,-207,347,342,-209,380,326,-52,317,331,-73,386,283,3,301,286,-26,377,251,-84,310,251,-112,373,236,-112,310,235,-138,370,240,-137,316,236,-159,370,245,-96,317,243,-121,359,230,8,321,232,-8,374,148,-26,312,148,-29,394,74,47,311,80,54,389,61,48,315,71,56,414,52,-51,311,53,-44,
358,345,-235,361,352,-227,363,352,-228,365,352,-228,354,352,-231,351,353,-231,348,354,-231,368,355,-135,344,358,-152,361,340,-196,353,340,-201,384,326,-40,321,331,-72,391,282,13,305,285,-30,381,249,-51,314,250,-111,378,235,-75,315,234,-137,374,239,-101,321,235,-158,373,243,-62,322,241,-120,362,230,9,325,232,-8,378,148,-28,315,148,-33,395,74,40,312,80,44,390,61,42,315,71,47,415,50,-56,311,53,-52,
362,342,-245,365,350,-239,368,350,-239,370,350,-239,358,350,-242,355,351,-242,353,352,-242,372,354,-148,348,357,-162,365,338,-206,357,339,-210,389,325,-50,325,330,-82,395,281,16,309,285,-36,383,246,-46,320,248,-113,380,232,-68,322,232,-138,376,235,-94,328,234,-158,376,240,-57,329,239,-121,366,229,8,329,232,-8,382,145,-28,318,147,-33,396,72,47,312,80,48,390,61,49,315,70,51,415,48,-47,311,53,-50,
367,341,-232,370,348,-224,372,348,-224,375,349,-224,363,349,-227,360,350,-227,357,351,-227,378,352,-134,353,355,-148,370,337,-193,362,337,-197,394,325,-39,330,330,-70,401,280,22,313,284,-36,389,246,-44,324,248,-115,385,232,-69,326,232,-141,381,235,-93,332,235,-162,381,241,-55,333,240,-124,371,228,8,333,231,-8,385,144,-27,321,146,-33,395,71,49,312,79,51,390,59,51,314,70,54,415,47,-45,311,53,-44,
371,341,-229,374,348,-222,377,348,-222,379,349,-222,367,349,-226,364,350,-226,361,351,-226,382,352,-132,357,355,-147,374,336,-190,366,337,-195,398,324,-38,334,329,-69,406,280,22,317,284,-36,394,246,-49,328,249,-117,390,232,-75,329,232,-142,386,236,-99,336,235,-162,386,241,-60,337,241,-125,375,228,9,338,231,-8,387,144,-26,324,146,-33,395,71,44,313,79,44,389,58,45,314,70,46,416,48,-50,311,53,-51,
371,342,-259,375,349,-252,377,349,-252,379,350,-252,368,350,-255,365,351,-255,362,352,-255,382,353,-164,358,356,-174,374,338,-221,366,338,-224,398,324,-66,335,328,-88,406,280,8,318,283,-39,396,246,-55,330,248,-110,391,232,-77,331,231,-132,388,236,-103,337,233,-153,387,240,-66,338,239,-118,377,228,8,340,231,-8,387,144,-26,324,146,-32,395,71,47,313,80,47,388,58,48,314,72,50,415,48,-50,311,53,-49,
374,342,-274,378,348,-269,380,349,-269,382,349,-269,371,350,-271,368,351,-271,365,352,-271,385,352,-179,361,356,-190,377,338,-236,369,338,-239,402,324,-76,338,328,-103,411,280,-8,322,283,-56,399,246,-83,332,246,-117,395,232,-106,332,229,-137,391,236,-132,338,231,-156,391,241,-93,339,238,-125,381,228,9,344,231,-9,389,145,-25,326,147,-34,396,72,38,313,80,32,388,58,38,314,72,34,416,47,-59,311,53,-66,
379,340,-300,382,347,-294,384,347,-294,386,348,-294,375,348,-297,372,349,-297,370,350,-297,389,352,-204,366,354,-214,381,337,-260,374,337,-263,406,323,-94,342,328,-121,416,280,-18,326,282,-67,402,246,-87,336,245,-126,398,232,-109,335,227,-142,395,236,-135,341,228,-166,394,241,-98,342,235,-134,384,228,9,348,232,-9,391,145,-24,330,147,-35,396,72,39,313,80,30,388,58,39,314,72,30,415,47,-60,312,53,-71,
383,339,-332,386,346,-327,388,346,-327,390,347,-327,379,347,-328,376,348,-328,374,349,-328,393,351,-232,370,353,-241,385,335,-291,378,336,-294,411,322,-117,346,327,-137,421,279,-37,331,282,-75,405,246,-106,340,243,-137,401,232,-127,340,224,-154,397,235,-153,345,225,-178,397,240,-116,347,232,-145,389,228,8,352,231,-8,393,145,-23,332,148,-35,397,72,42,314,80,33,389,58,42,314,72,34,415,47,-60,312,52,-70,
387,339,-341,390,345,-336,392,346,-336,395,347,-336,383,346,-338,380,348,-338,378,349,-338,398,351,-240,374,352,-250,390,335,-300,382,335,-303,415,322,-122,350,326,-144,426,279,-42,335,282,-80,410,246,-112,343,242,-141,405,232,-133,343,224,-160,401,236,-159,348,225,-183,401,241,-122,350,232,-150,393,228,8,356,232,-8,396,145,-23,334,149,-35,397,71,40,314,80,30,390,58,40,314,71,31,415,46,-61,312,52,-73,
391,339,-335,393,346,-330,396,346,-330,398,347,-330,387,347,-332,384,348,-332,381,349,-332,401,351,-237,378,353,-245,394,335,-294,386,335,-297,419,322,-120,355,326,-142,431,279,-37,340,282,-80,413,246,-105,348,242,-143,408,232,-126,347,224,-162,405,236,-151,352,225,-186,405,241,-115,354,232,-152,397,228,8,360,232,-8,399,145,-24,337,150,-35,397,71,36,315,81,31,390,57,36,315,72,32,417,46,-64,312,53,-70,
391,339,-315,394,346,-310,396,346,-310,398,347,-310,387,347,-311,384,348,-311,381,349,-311,401,351,-218,377,352,-225,394,335,-276,386,336,-278,419,322,-106,356,325,-127,431,280,-26,340,282,-65,414,246,-90,350,243,-112,408,232,-107,350,225,-129,405,236,-133,356,225,-149,405,241,-100,357,232,-119,399,228,7,362,232,-7,400,145,-25,336,150,-35,397,71,35,316,81,31,389,57,34,316,72,31,417,46,-64,312,53,-70,
393,339,-332,396,346,-326,398,346,-326,400,347,-326,388,347,-327,385,348,-327,383,349,-327,403,351,-233,379,352,-239,396,335,-292,387,336,-293,422,322,-117,359,325,-137,434,280,-30,343,282,-65,418,246,-90,353,243,-115,411,232,-107,353,225,-131,408,237,-134,359,226,-153,409,241,-100,360,232,-122,402,228,7,365,232,-7,402,144,-26,338,150,-34,397,71,35,320,82,31,389,57,35,323,74,33,416,46,-63,312,55,-69,
396,340,-316,399,346,-311,401,347,-311,403,347,-311,392,347,-313,389,348,-313,387,349,-313,406,350,-222,383,352,-227,399,335,-277,390,336,-279,425,322,-112,362,325,-128,438,280,-32,348,282,-65,421,246,-98,356,243,-118,415,232,-119,356,226,-132,412,237,-144,362,226,-161,412,241,-108,363,233,-127,406,228,6,369,232,-6,405,144,-28,344,151,-31,397,71,32,328,84,32,389,57,32,333,76,33,416,46,-65,313,59,-64,
398,340,-318,402,346,-314,404,346,-314,406,347,-314,395,347,-315,392,348,-315,389,349,-315,409,350,-228,386,352,-231,401,335,-280,393,336,-281,428,322,-121,365,325,-133,441,281,-41,352,283,-68,424,246,-100,360,243,-119,417,232,-120,360,227,-136,414,237,-145,365,228,-163,415,242,-110,366,234,-130,409,228,5,372,233,-5,407,144,-35,351,155,-14,398,72,16,338,91,69,389,58,14,344,82,71,416,46,-83,321,65,-19,
399,340,-298,404,346,-295,406,346,-295,408,347,-295,396,347,-295,394,348,-295,392,349,-295,412,350,-224,388,352,-215,403,335,-264,395,336,-263,431,322,-113,367,325,-131,443,282,-44,355,283,-67,427,247,-109,363,243,-121,420,233,-130,363,227,-139,418,238,-156,368,228,-167,419,243,-120,369,234,-133,411,227,4,375,233,-4,408,145,-34,357,155,15,398,74,6,351,98,130,390,62,3,356,89,136,416,47,-95,340,72,55,
402,340,-314,406,346,-311,408,346,-311,410,347,-311,399,347,-310,396,348,-310,394,349,-310,414,350,-228,391,352,-223,406,335,-277,398,336,-276,433,322,-126,370,325,-135,446,282,-68,357,284,-80,430,248,-146,366,244,-147,425,235,-170,366,227,-170,421,240,-196,370,229,-196,422,244,-157,371,234,-158,413,226,3,377,231,-3,409,145,-52,363,154,34,400,75,13,367,108,254,392,63,14,371,103,272,416,47,-84,358,79,210,
403,339,-326,407,346,-321,409,346,-321,411,347,-321,399,347,-321,397,347,-321,394,348,-321,414,350,-233,391,352,-232,406,335,-288,398,336,-288,433,322,-133,370,325,-141,447,282,-74,357,284,-88,430,248,-153,365,244,-160,424,235,-177,364,228,-184,420,239,-203,369,230,-210,421,244,-163,371,236,-170,414,225,3,379,229,-3,409,145,-49,364,154,25,400,76,25,369,108,238,393,64,28,373,102,255,416,47,-71,360,79,188,
407,340,-311,411,346,-301,413,347,-301,415,347,-301,403,348,-302,401,348,-302,398,349,-302,418,350,-204,393,353,-207,410,335,-270,402,336,-271,436,322,-111,371,325,-122,448,281,-61,360,284,-74,430,244,-155,367,244,-149,423,230,-183,367,228,-173,420,236,-206,372,230,-198,421,241,-166,373,236,-159,416,224,3,381,227,-3,409,144,-49,370,150,0,401,76,39,382,112,225,393,63,44,386,110,246,416,47,-48,375,82,189,
411,340,-299,414,347,-290,416,347,-290,419,347,-290,408,348,-291,405,349,-291,402,350,-291,421,350,-195,396,353,-200,413,335,-259,406,336,-260,438,322,-103,374,325,-114,449,281,-55,362,284,-68,433,244,-145,369,244,-146,427,230,-171,369,229,-170,424,235,-194,374,231,-194,424,240,-156,375,236,-156,418,223,3,384,227,-3,411,144,-47,373,149,-31,400,76,38,397,113,190,393,63,42,402,113,209,416,49,-51,392,88,153,
414,340,-280,417,347,-272,419,347,-272,421,348,-272,411,348,-274,408,349,-274,405,350,-274,423,351,-179,399,354,-187,416,336,-241,408,336,-243,440,322,-90,376,325,-103,451,281,-45,363,283,-60,435,244,-136,372,244,-143,431,230,-160,372,229,-168,427,235,-185,378,231,-189,427,239,-147,378,236,-152,420,224,3,386,227,-3,413,144,-50,377,148,-52,400,76,26,405,114,166,393,62,30,412,113,180,416,49,-53,403,89,124,
417,340,-270,420,347,-261,422,347,-261,424,348,-261,413,348,-262,411,349,-262,408,351,-262,426,351,-169,402,354,-174,418,336,-231,411,336,-233,442,322,-88,378,325,-88,452,281,-49,365,283,-46,436,244,-143,373,244,-130,432,230,-169,374,229,-154,428,235,-191,379,231,-175,428,239,-153,380,236,-139,422,224,-1,389,226,1,414,144,-71,381,148,-51,401,75,-7,412,113,145,393,61,-5,420,111,164,416,50,-95,409,87,106,
418,340,-259,421,347,-251,423,348,-251,425,348,-251,415,348,-251,412,349,-251,410,351,-251,427,351,-160,404,354,-162,420,336,-222,413,336,-222,444,322,-83,381,325,-76,454,280,-58,367,283,-40,438,244,-163,374,245,-125,434,230,-191,374,231,-150,430,235,-210,379,232,-171,430,239,-172,381,238,-135,424,224,-6,391,227,6,415,147,-91,385,148,-48,401,75,-55,414,111,138,394,60,-57,424,108,151,415,51,-153,412,86,101,
418,340,-273,421,347,-265,423,348,-265,425,348,-265,414,348,-265,412,349,-265,409,351,-265,427,351,-174,403,354,-174,420,336,-235,412,336,-235,444,321,-85,380,325,-87,454,279,-72,367,283,-47,437,241,-175,375,245,-135,432,227,-204,374,231,-160,429,232,-224,380,232,-183,429,237,-184,381,238,-145,424,224,-7,391,226,7,415,147,-92,386,148,-47,401,74,-46,415,109,138,394,59,-47,424,106,152,415,51,-146,412,77,97,
420,340,-272,423,348,-263,425,348,-263,427,348,-263,417,349,-264,414,350,-264,411,351,-264,430,351,-171,405,355,-175,422,336,-233,414,336,-235,446,321,-89,381,325,-90,456,279,-64,369,282,-51,439,242,-159,377,244,-140,433,227,-185,377,231,-164,430,232,-208,382,233,-186,431,237,-168,383,238,-149,427,223,-7,394,225,8,416,147,-92,390,148,-34,402,73,-45,418,102,122,394,59,-47,428,101,132,415,51,-145,413,70,67,
421,341,-260,425,348,-250,427,348,-250,429,348,-250,418,349,-251,416,350,-251,413,351,-251,431,351,-160,407,355,-165,423,336,-222,416,336,-224,447,321,-88,384,324,-82,458,279,-61,371,281,-50,441,241,-153,378,244,-137,435,226,-179,378,230,-162,432,230,-201,384,232,-183,432,235,-163,385,237,-146,429,223,-8,396,224,9,417,146,-81,393,148,-27,402,73,-26,422,96,105,394,59,-27,433,94,113,416,51,-124,420,68,42,
424,342,-218,427,348,-207,429,349,-207,431,349,-207,421,349,-209,418,350,-209,415,351,-209,433,351,-118,410,355,-128,426,336,-182,419,337,-185,450,321,-55,386,324,-55,459,278,-27,374,280,-33,444,241,-121,383,242,-117,438,226,-148,384,228,-143,435,230,-170,389,229,-161,435,235,-131,390,234,-125,431,222,-8,399,223,8,418,143,-69,399,146,-28,403,73,0,427,94,87,394,60,0,438,91,94,416,51,-92,425,68,23,
